order	AGR1	AND1	ARG1	ARG2	ARG3	AVE1	AZE1	AZE2	BIL1	CAB1	CAN1	CAV1	CAV2	CBR1	COV1	CasM1	ERM1	EST1	EST2	FER1	FERRO1	FOR1	GER1	HOM1	LAB1	LAM1	MACE1	MACI1	MOU1	NES1	OLI1	PON1	RAB1	RAB2	ROD1	SAL1	SAN1	SEL1	SOU1	TAve1	TAve2	TOJ1	VEI1	VEZ1	VEZ2	VEZ3	VIL1	VIZ1	Vilc1	rPON1
Acholeplasmatales	0	0,013039	0	0	0	0	0	0	0	0,014108	0	0	0	0,013808	0,00995	0,014729	0	0	0	0,009884	0	0	0	0	0	0	0	0	0	0	0,017163	0	0,013386	0,073058	0	0	0	0,014226	0	0	0	0,032182	0,012856	0	0	0	0	0,18732	0	0
Acidimicrobiales	0,118122	0,055898	0	0,063858	0,034014	0,010268	0,013842	0,207747	0,141638	0,035482	0,338512	0,214855	0,110502	0,058438	0,0684	0,678637	0,243054	0,037793	0,103333	0,112087	0,230074	0,026621	0,036823	0,055037	0,430501	0,113166	0,020671	0,514199	0,127787	0,199899	0,129168	0,236904	0,320104	0,123781	0,154602	0,008852	0,135615	0,30767	0,212511	0,097964	0,240091	0,26778	0,020719	0,089927	0,184059	0,217214	0,066328	0,160089	0,180599	0,193461
Acidithiobacillales	0	0	0	0,008415	0	0	0	0	0,008766	0	0,010304	0	0	0	0	0	0,009705	0	0	0	0	0	0	0	0	0,008261	0	0	0	0	0	0	0,008933	0	0	0	0	0	0	0,009128	0	0	0	0	0,00876	0	0	0	0	0
Acidobacteriales	0,08307	0,117711	1,032679	0,237882	0,101561	5,466358	0,160303	0,133509	0,129307	0,081547	0,106719	0,041596	0,028235	0,31283	0,027891	0,122849	0,488797	0,01201	0,053573	0,037954	0,062082	0,329329	0,237687	0,752507	0,045672	0,07039	0,188435	0,06429	0,06639	0,03517	0,184146	0,058882	0,178267	0,055165	0,041913	0,119226	0,027801	1,952536	0,061542	0,823475	0,045629	0,06271	0,024122	0,123176	1,391706	0,624159	0,045839	0,055737	0,228569	0,070777
Actinomycetales	0,025738	0	0	0	0	0	0	0,036947	0,023774	0	0,048748	0,02906	0	0	0	0,085852	0,046722	0,04745	0,020959	0,021288	0,035565	0	0	0,013651	0,047911	0,0228	0	0,05777	0,021746	0,030581	0,027226	0,055891	0,071303	0,068322	0,048358	0	0,042533	0,056102	0,068291	0,012895	0,049944	0,037569	0,016189	0,013441	0,025649	0,043005	0	0,042868	0,033597	0,042081
Aeromonadales	0,061272	0,018892	0	0,02613	0,009502	0,040153	0,008878	0,071565	0,027707	0,021054	0,048526	0,026495	0,028258	0,024285	0,045806	0,035174	0,034951	0,048755	0,022005	0,032469	0,135357	0,022449	0,028245	0,012511	0,031566	0,038802	0,020908	0,039455	0,024907	0,039231	0,069217	0,018637	0,070483	0,113731	0,277856	0,008349	0,063198	0,141615	0,019299	0,030883	0,301466	0,024002	0,027787	0,038214	0,169506	0,058123	0,010042	0,374154	0,027196	0,79956
Alteromonadales	0,106122	0,065395	0,061	0,144866	0,068886	0,093069	0,064822	0,148446	0,140844	0,060858	0,165618	0,081734	0,112709	0,077019	0,095221	0,148019	0,144566	0,057958	0,109189	0,127025	0,151209	0,077583	0,120148	0,068126	0,115402	0,156452	0,085842	0,105041	0,076012	0,088992	0,134772	0,088424	0,128771	0,066595	0,19892	0,049589	0,104177	0,143092	0,062507	0,133208	0,117144	0,117511	0,051502	0,09652	0,164798	0,163781	0,071437	0,132639	0,157909	0,227362
Anaerolineales	0,012869	0	0	0	0	0	0	0,010756	0	0	0,014772	0,009637	0	0	0,011858	0,044167	0,050378	0,009588	0	0	0,053835	0	0	0,01279	0,034564	0	0	0,036571	0	0,010753	0	0,037808	0,034429	0	0,014074	0	0	0,046451	0,03374	0	0,065254	0,010265	0	0	0,010745	0,028593	0	0,02552	0,008653	0,029167
Ardenticatenales	0,010028	0	0	0	0	0	0	0	0	0	0	0	0	0	0	0	0	0	0	0	0	0	0	0	0	0	0	0	0	0	0	0	0	0	0	0	0	0	0	0	0	0	0	0	0	0,041543	0	0	0	0
Armatimonadales	0,068768	0,015248	0	0,392881	0,049386	0,019615	0,045837	0,063068	0,061141	0	0,066368	0,051185	0,05784	0,073207	0,021339	0,121756	0,090957	0,058175	0,068419	0,049083	0,0759	0,010513	0,037705	0,064251	0,074553	0,038173	0,01354	0,049084	0,052074	0,009279	0,025479	0,063563	0,026193	0,010758	0	0	0,020928	0,040393	0,034911	0,031207	0,009975	0,07528	0,033327	0,028897	0,063793	0,061446	0,04112	0,020217	0,068625	0,016568
Bacillales	0,388124	0,21836	0,222215	0,204923	0,279935	0,159916	0,43693	0,257149	0,329356	0,269247	0,193715	0,284518	0,23228	0,263824	0,191356	0,241584	0,247224	0,345839	0,263443	0,362748	0,263017	0,487951	0,283712	0,204708	0,305656	0,339553	0,182941	0,347497	0,236029	0,246758	0,183174	0,227215	0,218276	0,169623	0,237539	0,254219	0,234939	0,278321	0,664581	0,277422	0,264458	0,244385	0,260564	0,77356	0,263894	0,302289	0,373529	0,540267	0,19768	0,274547
Bacteriovoracales	0	0,023999	0	0,020982	0	0	0,015425	0,066457	0,100918	0,023467	0,032694	0,021907	0,010897	0	0,141488	0,026072	0	0	0,008588	0,150828	0,014769	0,040355	0	0	0,018023	0,018069	0,020206	0,029664	0,047545	0,020955	0,034695	0	0,042278	0,093543	0	0	0,011144	0	0	0,026071	0,014418	0,059907	0	0,011588	0,031652	0	0,022169	0,056218	0	0,035369
Bacteroidales	0,043541	0,028297	0,013313	0,04553	0,02799	0,033897	0,01894	0,04773	0,047997	0,013466	0,051795	0,0438	0,052941	0,041272	0,018202	0,09614	0,336346	0,102074	0,098327	0,033729	0,126483	0,05126	0,032833	0,045913	0,066116	0,038239	0,032151	0,099163	0,075482	0,044909	0,039268	0,076237	0,069927	0,025726	0,042001	0,008979	0,056992	0,091387	0,085824	0,045204	0,071735	0,047689	0,065237	0,026955	0,051891	0,048724	0,026541	0,059419	0,143678	0,047984
Bdellovibrionales	0,053939	0,050374	0,068666	0,308871	0,130668	0,022815	0,11323	0,236411	0,425139	0,093513	0,204779	0,062561	0,200951	0,032406	0,179368	0,175043	0,125362	0,01205	0,090056	0,216668	0,136173	0,048457	0,156651	0,163594	0,061186	0,076002	0,144663	0,084809	0,126028	0,115641	0,116025	0,077572	0,265999	0,111975	0,027984	0,07964	0,075256	0,088619	0,066902	0,269245	0,060405	0,211041	0,012139	0,076096	0,202909	0,060013	0,074234	0,086981	0,267952	0,118626
Bifidobacteriales	0	0	0	0	0	0	0	0	0	0	0	0	0	0	0	0	0	0,038023	0	0	0	0	0	0	0	0	0	0	0	0	0	0	0	0	0	0	0,018526	0	0	0	0	0	0,012245	0	0	0	0	0	0	0
Blastocatellales	0	0	0	0	0	0	0	0	0	0	0	0	0	0	0	0	0,01135	0	0	0	0	0	0	0	0	0	0	0	0	0	0	0	0	0	0,008986	0	0	0	0,013255	0	0,011453	0	0	0	0	0	0	0	0	0
Bradymonadales	0	0	0	0	0	0	0	0	0	0	0	0	0	0	0	0	0	0	0	0	0,008347	0	0	0	0	0,012164	0	0	0	0	0	0	0	0	0	0	0	0	0	0	0	0	0	0	0	0	0	0	0	0,023175
Bryobacterales	0,043167	0	0,179277	0,471029	0,145558	0,161524	0,024659	0,108298	0,186709	0,026483	0,128452	0,029282	0,009055	0,046927	0,016913	0,094755	0,310165	0,030875	0,034133	0,00889	0,069146	0,015073	0,112482	0,134262	0,06284	0,036388	0,041396	0,06075	0,033494	0,023481	0,042335	0,058388	0,177443	0,026631	0,012631	0,102899	0,021883	0,088625	0,048137	0,254885	0,045871	0,058058	0,017731	0,042883	0,115361	0,068189	0,07583	0,052989	0,253377	0,04786
Burkholderiales	14,041012	20,901113	10,344245	18,985984	10,597509	25,43798	23,377315	27,637069	30,561684	15,843038	32,098767	15,954802	20,48386	18,936396	31,005403	15,130224	12,335771	18,27732	14,056669	31,435157	18,084678	26,00037	37,265272	12,575935	21,630718	21,884653	34,76557	17,036946	12,819701	13,844678	26,846433	21,122726	34,128925	21,931177	17,842682	13,151177	20,679536	14,376196	17,84241	32,873354	25,616939	18,891389	15,653339	33,806192	25,782305	15,901334	20,522336	26,868331	18,124912	23,205592
Caldilineales	0,01055	0	0	0	0	0	0	0	0	0	0	0	0	0	0	0,009232	0	0	0	0	0	0	0	0	0,010619	0	0	0,010479	0	0	0	0	0	0	0	0	0	0	0	0	0,011991	0	0	0	0	0	0	0	0	0
Campylobacterales	0,010124	0	0	0,020276	0	0,019872	0,010518	0,021444	0,027275	0	0,009747	0	0,012004	0	0,01906	0,020316	0,02289	0,018676	0,008463	0,019527	0,021043	0,012762	0,019161	0	0	0,011375	0	0,026187	0	0	0	0,019395	0,024526	0,022652	0,383813	0	0,010008	0,024252	0,01503	0,017833	0,035509	0	0,014938	0,009841	0,023147	0,010138	0	0,039168	0,010629	0,035306
Capsulimonadales	0,040201	0	0,033069	0,013339	0	0	0	0	0,009548	0	0	0	0	0	0	0	0,014135	0	0	0	0,013008	0,009279	0,05216	0,098785	0	0	0,027995	0	0	0	0,008395	0	0	0	0	0	0	0	0	0	0	0	0	0	0	0	0	0	0,013514	0
Catenulisporales	0	0	0,021216	0	0	0	0	0	0	0	0	0	0	0	0	0,008325	0	0	0,016924	0	0	0	0	0	0	0	0	0	0	0	0	0	0,010721	0	0,010445	0	0	0	0	0	0	0	0	0	0	0	0	0	0	0
Caulobacterales	0,570112	0,571186	0,558594	1,331559	0,341477	0,373258	0,506954	1,271489	0,668286	0,673803	1,356892	0,909091	0,905146	0,364685	3,669148	1,278708	0,776967	0,461494	1,127842	1,149797	2,269837	1,210102	0,742106	1,068901	2,869123	0,813612	0,631827	1,523011	0,865786	1,108071	1,398586	3,165347	1,281077	0,758304	2,609734	0,244819	0,539863	1,816943	7,565319	1,134217	2,822405	2,299775	1,471909	0,840168	1,666613	1,678433	0,38763	1,566686	0,810079	2,192647
Cellvibrionales	0,269623	0,136773	0,057935	0,197124	0,070099	0,096025	0,08115	0,226997	0,197693	0,074907	0,268995	0,172872	0,182973	0,078071	0,285701	0,341565	0,274137	0,197409	0,264219	0,294409	0,253844	0,082242	0,148	0,066982	0,253799	0,331377	0,085433	0,287323	0,135856	0,141183	0,254826	0,236679	0,170243	0,079675	0,355098	0,047987	0,200618	0,26507	0,117565	0,148618	0,118253	0,270119	0,195466	0,119919	0,204154	0,354154	0,147024	0,177919	0,279908	0,257465
Chitinophagales	1,253999	0,674424	0,583572	0,614284	0,489783	0,276971	0,730587	0,691595	1,140685	0,344634	2,004191	1,561127	0,726208	2,458116	0,483271	4,094289	3,107321	1,239501	11,713422	0,583422	6,495697	1,342651	0,661744	0,792166	3,121645	1,32408	2,169147	1,61875	1,351163	1,791527	0,561953	4,386436	0,570622	0,342973	0,770199	0,170502	1,294021	2,128401	2,193788	1,697886	0,968229	2,299125	1,597102	0,436604	0,669834	1,053524	0,413491	0,571028	3,154277	1,633338
Chlamydiales	0	0	0	0	0	0	0	0	0	0	0	0	0	0	0	0	0	0,021774	0	0	0	0	0	0	0	0	0	0	0	0	0	0	0	0	0	0	0	0	0	0	0	0	0,008858	0	0	0	0	0	0	0
Chlorobiales	0	0	0	0	0	0,010144	0	0	0	0	0	0	0	0	0	0	0,013201	0	0	0	0	0	0	0,008516	0	0	0	0	0	0	0	0	0	0	0	0	0	0,011277	0	0	0	0	0	0	0	0	0	0	0	0
Chloroflexales	0,015072	0	0	0	0	0	0	0,009511	0	0	0	0,009801	0	0	0	0,11913	0,022527	0	0,008749	0	0,037914	0	0	0,014153	0,100844	0	0	0,081702	0,033142	0,012186	0	0,035432	0,010334	0	0,022243	0	0	0,030682	0,060593	0	0,023131	0,009613	0	0	0	0,011141	0	0,018305	0	0,021192
Chromatiales	0,116265	0,062633	0,098797	0,223402	0,12323	0,125325	0,069974	0,185614	0,194212	0,064138	0,250021	0,097238	0,108129	0,087521	0,072459	0,172022	0,226001	0,086674	0,129784	0,108377	0,181335	0,072348	0,148622	0,095526	0,130281	0,164559	0,089613	0,161764	0,085709	0,10217	0,141154	0,106215	0,188864	0,082883	0,166049	0,078395	0,115642	0,158722	0,072388	0,189014	0,157869	0,127426	0,055215	0,112096	0,21132	0,201101	0,099728	0,128588	0,216176	0,200668
Chroococcales	0,009189	0	0,024199	0,008539	0,032027	0	0,019842	0,033666	0	0	0,018588	0,040315	0	0,080189	0	0,02099	0,233841	0,029164	0	0	0,020112	0	0	0,133695	0	0,009551	0	0,022762	0	0,048801	0	0,011173	0,009878	0	0	0,041997	0	0,021641	0,028106	0,008292	0	0	0	0	0,025707	0,017463	0	0,033114	0,066378	0
Chroococcidiopsidales	0	0	0	0	0	0	0	0	0	0	0	0	0	0,0143	0	0	0,039183	0	0	0	0	0	0	0,046577	0	0	0	0	0	0	0	0	0	0	0	0	0	0	0	0	0	0	0	0	0	0	0	0	0,008457	0
Chthoniobacterales	0,016019	0	0	0,011282	0	0,008365	0	0,031776	0,019625	0	0,038407	0,012933	0	0	0,010283	0,05112	0,040751	0,009028	0,027601	0,008714	0,031618	0	0,010513	0,029824	0,051801	0,022469	0	0,054477	0	0,016303	0,030535	0,071421	0,028143	0	0	0	0	0,025763	0,038804	0,011442	0,019742	0,030788	0,008789	0,008308	0,020241	0,042683	0	0,023984	0,010434	0,028662
Chthonomonadales	0	0	0,016028	0	0	0	0	0	0	0	0	0	0	0	0	0	0	0	0	0	0	0	0	0,037731	0	0	0	0	0	0	0	0	0	0	0	0	0	0	0	0	0	0	0	0	0	0	0	0	0	0
Clostridiales	0,073123	0,053139	0,082979	0,094673	0,092651	0,090815	0,056718	0,083423	0,088941	0,04557	0,087005	0,084595	0,071701	0,054223	0,048686	0,105239	0,212155	0,255765	0,103521	0,055058	0,152121	0,045554	0,060253	0,084625	0,101936	0,118746	0,047256	0,107448	0,074943	0,08531	0,068218	0,08835	0,110287	0,057245	0,0996	0,064828	0,1222	0,173833	0,120185	0,081484	0,111526	0,081762	0,119399	0,067992	0,103013	0,113267	0,085552	0,119614	0,10984	0,110979
Corynebacteriales	0,827716	0,205875	0,419774	0,264714	0,212523	0,135114	0,094244	0,454053	0,349152	0,172705	0,515601	0,404758	0,187946	0,12437	0,153705	0,529159	0,493904	0,886323	0,41178	0,3058	0,426142	0,213031	0,270417	0,569293	0,665839	0,431725	0,216714	0,987369	0,319114	0,440409	0,526507	0,933896	0,588001	0,445289	0,517797	0,206386	0,523141	0,603413	1,726595	0,400389	0,894322	0,634638	0,439514	0,267802	0,379626	0,65588	0,174288	0,724757	0,518025	0,594391
Cryptosporangiales	0,019381	0	0	0	0	0	0	0	0,008793	0	0,020721	0,01436	0	0	0	0	0,036805	0	0,071961	0	0,04549	0	0	0	0	0,009215	0	0	0	0,020532	0,023994	0,069597	0,011068	0	0,179947	0	0	0	0,056828	0	0,014697	0,047801	0	0	0	0,011025	0	0	0	0,023916
Cytophagales	1,11274	2,677526	0,555591	0,894196	0,774777	0,2016	1,088071	0,623292	1,16831	0,750423	0,735193	1,80644	2,180218	0,908869	0,927193	2,006666	1,509384	1,673236	1,93363	1,692543	1,429656	2,047133	0,802696	1,667799	1,798223	1,055072	0,972111	1,976774	1,572646	1,035704	0,779548	2,903515	0,666715	0,706627	0,819572	0,395381	0,681506	1,170996	2,435165	0,804035	1,959845	0,951274	1,411727	0,837048	0,548805	0,505546	1,629883	0,693308	1,509309	0,691786
Deinococcales	0,024211	0,012163	0,028583	0,028717	0,017002	0,021097	0,018638	0,027878	0,046077	0,061191	0,058539	0,025798	0,022928	0,026221	0	0,042579	0,081394	0,059201	0,081201	0,029213	0,043042	0,739346	0,041348	0,361019	0,024096	0,034646	0,047725	0,062795	0,050225	0,02496	0,037019	0,107023	0,035278	0,009318	0,032405	0,01282	0,01279	0,026134	0,150278	0,03331	0,385338	0,039125	0,016732	0,028864	0,027602	0,026791	0,009253	0,042253	0,041088	0,029858
Desulfobacterales	0,036285	0,008945	0,015448	0,049818	0,02148	0,039103	0,009053	0,047938	0,051609	0,009666	0,058853	0,031743	0,042898	0,02255	0,0313	0,054471	0,084697	0,029833	0,045547	0,027351	0,143717	0,019509	0,0345	0,032147	0,038922	0,061558	0,02386	0,05212	0,027531	0,037837	0,04051	0,0429	0,068834	0,027179	0,05292	0,017921	0,027708	0,092929	0,026661	0,045923	0,109322	0,040537	0,013906	0,029219	0,057818	0,063056	0,024244	0,052526	0,058531	0,080444
Desulfovibrionales	0,014453	0	0,012331	0,030749	0,009677	0,041396	0	0,033666	0,031068	0,09938	0,043831	0,022796	0,025029	0,043448	0,018118	0,035166	0,065191	0,024316	0,028728	0,017184	0,090963	0,008291	0,023058	0,01449	0,024842	0,041447	0	0,033009	0,010477	0,02617	0,035627	0,024343	0,037647	0,008728	0,03554	0	0,014143	0,072551	0,021949	0,03378	0,046728	0,026011	0,010478	0,030233	0,044124	0,042811	0,024069	0,048811	0,035983	0,046426
Desulfuromonadales	0,031504	0	0,022695	0,047129	0,021936	0,049433	0	0,047197	0,046468	0,011763	0,090768	0,030308	0,035983	0,020234	0,030803	0,071673	0,124685	0,05371	0,036558	0,023972	0,074869	0,017432	0,038173	0,029856	0,034046	0,049382	0,023925	0,045347	0,022088	0,030008	0,044264	0,042087	0,263061	0,048803	0,036989	0,011694	0,025514	0,077904	0,021201	0,047134	0,053727	0,034878	0,018431	0,026406	0,058055	0,061581	0,021311	0,047158	0,04858	0,067222
Enterobacterales	0,721333	1,715552	0,54582	0,722746	0,780524	0,551823	0,865727	0,53151	0,390785	0,463571	0,312586	0,603183	0,497284	1,026154	0,86633	0,303144	0,262154	1,659243	1,76373	0,94745	0,611638	6,726893	1,697071	0,635557	0,606991	1,292594	0,7034	1,045049	0,803229	0,825959	0,714069	1,056422	0,692783	0,396001	0,521852	0,896026	0,844084	1,453708	2,141136	0,551942	4,055788	0,531242	0,979861	0,7642	0,89062	0,756288	1,229216	1,260548	0,438149	0,937826
Erysipelotrichales	0	0	0	0	0	0	0	0	0	0	0	0	0	0	0	0	0	0,017199	0	0	0	0	0	0	0	0	0	0	0	0	0	0	0	0	0	0	0	0	0	0	0	0	0	0	0	0	0,00861	0	0	0
Ferrovales	0	0	0,009263	0	0,0098	0	0	0	0	0	0	0	0	0	0	0	0	0	0	0	0	0	0	0	0	0	0	0	0	0	0	0	0	0	0	0	0	0	0	0	0	0	0	0	0	0	0	0	0	0
Fimbriimonadales	0	0	0,013771	0,046301	0,009677	0	0	0	0	0	0,009454	0	0	0	0,009582	0,009976	0,04389	0	0	0	0	0	0	0,013751	0	0	0	0	0	0	0	0	0,018012	0	0	0,008243	0	0	0	0,026661	0	0	0	0	0,020927	0,00938	0	0,009002	0,030593	0
Flavobacteriales	0,497109	3,128885	0,11373	0,352266	0,210079	0,093465	0,443221	0,372848	0,33534	0,412021	0,337436	0,712033	1,106214	0,443987	2,659506	0,902238	0,737375	1,684115	1,240212	1,138055	1,009606	1,920217	0,202655	0,276335	1,787478	0,821267	0,211609	2,407283	0,722151	0,943726	0,888174	3,858177	0,32065	0,198147	1,202757	0,124937	0,852425	1,071593	6,730473	0,271083	1,358041	1,968996	4,919237	0,284924	0,236429	0,264328	0,494144	0,900412	0,623861	0,694873
Frankiales	0,079752	0,104195	0,076814	0,07076	0,078611	0,064793	0,098566	0,078529	0,141723	0,064733	0,087859	0,130293	0,191206	0,055178	0,153524	0,113616	0,088072	0,188152	0,150626	0,091363	0,123282	0,044786	0,083541	0,055195	0,109558	0,164422	0,057441	0,131972	0,083323	0,105656	0,086414	0,122462	0,128141	0,108784	0,143533	0,058966	0,120944	0,109242	0,129035	0,054641	0,071879	0,159709	0,169378	0,084847	0,058572	0,091439	0,237081	0,20953	0,07373	0,121899
Gaiellales	0,013758	0	0	0	0	0	0	0,025275	0	0	0	0,010925	0	0	0,010871	0,049974	0,01588	0	0	0	0,012424	0	0	0	0,024743	0,01182	0	0,092757	0	0,014708	0,024878	0,048505	0,02072	0	0	0	0	0	0,008992	0	0	0,031264	0	0,012326	0,010969	0,013692	0	0,03522	0	0,026578
Gemmatales	0,124966	0,04249	0,148669	0,209709	0,171003	0,060042	0,045242	0,226818	0,190355	0,06077	0,218752	0,179059	0,042648	0,133981	0,038716	0,292172	0,525015	0,083273	0,110054	0,04342	0,255553	0,055958	0,097118	0,432446	0,184513	0,091449	0,097799	0,244435	0,111171	0,19605	0,121492	0,227484	0,120754	0,051328	0,051713	0,066811	0,046064	0,225458	0,210591	0,092989	0,066971	0,18477	0,061398	0,068218	0,208053	0,194341	0,040881	0,124414	0,286705	0,155822
Gemmatimonadales	0,040582	0,019677	0,010843	0,033136	0,079615	0,019647	0,011427	0,070234	0,046374	0,011271	0,126423	0,11896	0,054133	0,031636	0,024465	0,052612	0,186475	0,04331	0,081132	0,024925	0,073905	0	0,019033	0,026444	0,069672	0,048596	0	0,144303	0,047431	0,151685	0,05193	0,194168	0,050378	0,008616	0,051777	0,02462	0,027516	0,063352	0,092016	0,014738	0,063683	0,050218	0,03757	0,014634	0,057739	0,0523	0,059028	0,049601	0,047779	0,066906
Geodermatophilales	0,058239	0,023217	0,019898	0,009474	0,008797	0	0,019606	0,068209	0,037935	0,020445	0,059009	0,05313	0,012805	0	0,04393	0,075783	0,079343	0,064895	0,075457	0,042079	0,071455	0,010454	0,019036	0,036595	0,061625	0,064649	0,008748	0,607521	0,077166	0,06415	0,058146	0,433361	0,089508	0,032467	0,139944	0,011458	0,057825	0,053511	0,443004	0,017005	0,174526	0,065421	0,027919	0,017163	0,037293	0,052266	0,043137	0,07044	0,038545	0,056562
Glycomycetales	0	0	0	0	0	0	0	0	0	0	0	0	0	0	0	0	0	0	0	0	0	0	0	0	0	0	0	0	0	0	0	0	0	0	0,024208	0	0	0	0	0	0	0	0	0	0	0	0	0	0	0
Herpetosiphonales	0	0	0	0	0	0	0	0	0	0	0	0,362288	0	0	0	0	0	0	0	0	0	0	0	0	0	0	0	0,022056	0	0,475695	0	0,035986	0	0	0	0	0	0	0	0	0	0	0	0	0	0	0	0	0	0
Holophagales	0,008773	0	0	0	0	0	0	0	0	0	0,015519	0	0	0	0,009965	0,011976	0,172872	0,036171	0	0	0,044092	0	0	0	0	0	0	0,009544	0	0	0,011123	0,009756	0,064644	0	0	0	0	0,052933	0	0,028521	0,04404	0	0,022955	0	0,015143	0,009202	0	0,015573	0,035966	0,019112
Holosporales	0	0	0	0,016574	0	0	0	0	0	0	0	0	0	0	0	0	0,010067	0	0	0	0	0	0	0	0	0	0	0	0	0	0	0	0	0	0	0	0	0	0	0	0	0	0	0	0,021724	0	0	0	0,01314	0
Hydrogenophilales	0,011903	0	0	0,028057	0,009707	0,030238	0,008733	0,032919	0,027011	0,008519	0,039715	0	0,009538	0,011263	0,009546	0,023757	0,033757	0	0,009608	0,023306	0,021628	0	0,037122	0	0,021339	0,028341	0,020665	0,012015	0	0	0,025616	0,014145	0,037935	0,009879	0,01846	0	0,026077	0,023496	0	0,037722	0,027935	0,010077	0	0,020901	0,035728	0,024884	0,010516	0,018104	0,02789	0,027996
Hyphomonadales	0,01656	0,009555	0	0,044013	0,019602	0	0,010541	0,039041	0,063861	0,008355	0,056003	0,035287	0,024714	0,009932	0,010929	0,078773	0,064806	0,009228	0,040251	0,021365	0,065453	0	0,023281	0,016494	0,042628	0,032444	0,009936	0,038166	0,034638	0,07793	0,033295	0,030366	0,027036	0	0,072564	0	0,086751	0,059706	0,025063	0,034934	0,028627	0,048434	0,01253	0,016403	0,051722	0,054066	0,021428	0,028838	0,05958	0,047427
Ignavibacteriales	0	0	0	0	0	0	0	0	0	0	0	0	0	0	0	0	0,022738	0	0	0	0	0	0	0	0	0	0	0	0	0	0	0	0	0	0	0	0	0	0	0	0,020603	0	0	0	0	0	0	0	0	0
Isosphaerales	0,048883	0,009482	0,098078	0,060742	0,060854	0,02246	0	0,085077	0,051754	0,029457	0,060129	0,042229	0,009932	0,019782	0,013893	0,092911	0,14155	0,042479	0,031536	0,020629	0,059303	0,026619	0,049454	0,272884	0,051528	0,042099	0,044735	0,068554	0,034201	0,040509	0,049135	0,06255	0,103929	0,047226	0,030808	0,040399	0,01688	0,053444	0,089731	0,113948	0,049436	0,064847	0,021434	0,023448	0,079141	0,07354	0,020541	0,051769	0,092746	0,056024
Jatrophihabitantales	0	0	0,011587	0	0	0	0	0	0	0	0	0	0	0	0	0	0	0	0	0	0	0	0	0	0	0	0	0	0	0	0	0	0,012923	0	0	0	0	0	0,026398	0	0	0	0	0	0	0	0	0	0	0
Jiangellales	0,008734	0	0	0	0	0	0	0	0	0	0,009709	0	0	0	0	0,01651	0,018119	0	0,024455	0,010077	0,011031	0	0	0	0,010392	0	0	0,023501	0	0,008972	0	0,023168	0,0192	0	0,037742	0	0,015343	0	0,026596	0	0,013624	0,01018	0	0	0,00849	0,008976	0	0	0	0,008419
Kineosporiales	0,082566	0,037483	0,010721	0,013463	0,016143	0	0,057327	0,041518	0,067686	0,013761	0,111071	0,185691	0,110785	0,032517	0,050418	0,217902	0,373902	0,13426	0,152833	0,050441	0,375941	0,011856	0,030407	0,011711	0,779784	0,072344	0,016938	0,746589	0,128243	0,14148	0,117371	0,265865	0,227519	0,046401	0,495935	0	0,815287	0,614897	0,283706	0,035076	0,737954	0,083288	0,193218	0,025443	0,046605	0,098057	0,106876	0,078027	0,022864	0,156379
Kordiimonadales	0	0	0	0	0	0	0	0	0	0	0	0	0	0	0	0	0	0	0	0	0	0	0	0	0	0	0	0	0	0	0	0	0	0	0	0	0	0	0	0	0	0	0	0	0,00853	0	0	0	0	0
Ktedonobacterales	0,009198	0	0,654568	0,009038	0	0,075358	0	0,010289	0,010924	0	0	0	0	0	0	0,028706	0,056486	0	0	0	0,012619	0	0,022619	0,192982	0	0	0,008728	0,008569	0	0	0	0	0,026811	0	0	0,009089	0	0	0,010815	0,00924	0	0	0	0	0	0	0	0	0,013496	0
Lactobacillales	0,04752	0,070521	0,079541	0,054321	0,128786	0,036503	0,072099	0,072504	0,048614	0,052718	0,027964	0,090163	0,074836	0,057923	0,043092	0,047327	0,035912	0,206482	0,183724	0,04928	0,056963	0,055188	0,043706	0,048374	0,100813	0,108718	0,039566	0,111433	0,089821	0,074618	0,043962	0,05281	0,054377	0,049394	0,061958	0,100811	0,093258	0,079407	0,066799	0,029529	0,062899	0,068002	0,113979	0,087267	0,034877	0,089039	0,135158	0,095059	0,039921	0,061771
Legionellales	0,031306	0	0,014326	0,068565	0,026104	0,033091	0,011745	0,056766	0,029895	0,009371	0,046328	0,0258	0,012432	0,008431	0,027239	0,050051	0,06023	0,073277	0,025578	0,022039	0,043867	0,025912	0,036478	0,035358	0,04735	0,028368	0,024507	0,040078	0,019412	0,022812	0,028569	0,034557	0,048419	0,01044	0,008404	0,017966	0,012348	0,034259	0,03151	0,073444	0,055757	0,037556	0,034004	0,022895	0,078892	0,04951	0,011684	0,040652	0,088076	0,039154
Leptospirales	0,009932	0	0	0,008633	0	0	0	0,009264	0,018661	0	0,04787	0	0,010809	0	0	0,008686	0,024065	0	0,019932	0	0,039449	0	0	0	0,008462	0,016584	0	0,008694	0	0,008785	0	0	0	0	0,009308	0	0	0,035127	0	0	0	0	0	0	0,01022	0,019949	0	0	0,02027	0,035484
Maricaulales	0,011999	0,008956	0,010059	0,038635	0,023404	0	0,009139	0,032849	0,03302	0	0,040923	0,020664	0,012564	0,009285	0	0,051221	0,0402	0	0,029774	0,019976	0,037193	0,008389	0,02142	0,027585	0,024296	0,025242	0,009023	0,024189	0,022427	0,029282	0,026058	0,019742	0,025842	0	0,034305	0	0,031168	0,036448	0,00916	0,031873	0,022797	0,032056	0	0,012916	0,046617	0,035498	0,018816	0,013866	0,041404	0,033432
Marinilabiliales	0,037079	0,043619	0,045433	0,042798	0,065627	0,035487	0,042119	0,035893	0,052495	0,048142	0,038769	0,084496	0,087531	0,051728	0,050027	0,062373	0,184034	0,170067	0,096239	0,04133	0,111525	0,062142	0,037395	0,031844	0,094133	0,103432	0,034765	0,148664	0,043381	0,057985	0,039808	0,081915	0,055244	0,030482	0,048529	0,048421	0,068919	0,092567	0,155824	0,026671	0,074264	0,065367	0,108754	0,109679	0,034905	0,045506	0,199981	0,151721	0,04904	0,059426
Methylococcales	0,067854	0,043443	0,048955	0,127848	0,092763	0,088348	0,05252	0,135414	0,111827	0,043767	0,149622	0,058458	0,078517	0,062892	0,061823	0,135312	0,146489	0,214614	0,084595	0,081242	0,119487	0,05714	0,116526	0,053662	0,078567	0,126957	0,078779	0,075964	0,04934	0,058342	0,095917	0,06681	0,451118	0,158548	0,069142	0,054115	0,184181	0,223339	0,04258	0,125157	0,915879	0,075033	0,143605	0,088466	0,147568	0,131207	0,071787	0,123894	0,114803	0,136059
Micrococcales	0,667762	0,882466	0,621513	0,27732	0,419706	0,281868	0,561957	0,346569	0,457988	0,379055	0,457478	0,66726	0,332088	0,164302	0,361319	0,667706	0,730208	1,144755	1,023566	0,628361	0,693692	0,548525	0,25502	1,037726	1,106084	1,121581	0,425779	2,986578	1,055212	0,785819	1,426421	5,745421	0,789314	0,355979	1,733477	0,310828	0,743921	0,613582	7,285088	0,65973	2,687234	0,629038	1,02023	0,299692	0,276922	0,527486	0,863375	1,164799	0,529652	0,56044
Micromonosporales	1,358722	0,401017	0,083166	0,055185	0,039101	0,047425	0,105955	0,167143	1,290513	0,181019	1,403413	8,613898	0,382692	0,054656	2,25423	1,346385	0,485047	0,072661	15,616242	3,128331	11,535702	0,08946	0,070645	0,166715	0,930763	2,298752	0,111775	1,10534	3,4024	13,724922	0,54998	6,321778	0,438696	0,104538	19,703036	0,021405	1,254973	2,949389	3,083956	0,075466	0,612377	7,494619	0,31125	0,294565	0,185271	0,505589	0,873451	0,785469	0,150012	6,911947
Micropepsales	0,010376	0	0,012224	0,023297	0	0,035438	0	0,036963	0,02104	0,011075	0,0278	0	0	0	0	0,025943	0,061396	0	0	0	0,009932	0	0,021101	0,03859	0,015618	0,010333	0	0,00838	0	0	0,03139	0,018175	0,031069	0	0	0	0	0,037904	0,024819	0,025789	0,028651	0,021784	0	0,010978	0,063765	0,259975	0	0,010321	0,021325	0,016969
Motilibacterales	0,008618	0	0	0	0	0	0	0	0	0	0,009653	0	0	0	0	0,016999	0,016773	0	0	0	0	0	0	0	0	0	0	0,021778	0	0	0	0,019801	0,024184	0	0,03222	0	0,013066	0	0,024641	0	0,009193	0	0	0	0,008684	0	0	0	0	0
Myxococcales	0,742785	0,153678	0,303973	0,791728	0,241159	0,323326	0,197249	0,877414	0,967068	0,228112	0,978647	0,637024	1,144236	0,240146	0,214844	0,757477	0,917263	0,103651	1,236191	0,270892	1,492405	0,164518	0,345016	0,411864	1,006917	1,611774	0,222842	0,488085	0,637695	0,922122	0,697777	0,78449	1,087135	0,179229	1,119146	0,230959	0,232233	1,104674	0,673815	0,437145	0,325335	0,800795	0,100148	0,387512	0,72366	1,585801	0,424585	0,349179	1,128484	2,415433
Nakamurellales	0,057852	0	0,037722	0	0	0	0	0,011056	0	0	0,017837	0,019202	0	0	0	0,024787	0,028026	0,060762	0,028401	0	0,011496	0	0	0,012563	0,022036	0,031441	0	0,05611	0,017314	0,012664	0,033734	0,123716	0,045636	0,008953	0,031142	0	0,014822	0,020784	0,156826	0	0,248846	0,041016	0,026111	0	0	0,010472	0	0,107921	0	0,008772
Neisseriales	0,198824	0,267413	0,258886	0,446725	0,14389	0,552574	0,291834	0,469782	0,318066	0,217047	0,537304	0,153457	0,197358	0,580451	0,241593	0,208112	0,312274	0,174617	0,176179	0,386093	0,214827	0,272763	0,648585	0,239523	0,2156	0,335489	0,542285	0,234532	0,110646	0,142231	0,503065	0,199983	0,683186	0,293337	0,220041	0,208109	0,293842	0,199934	0,079629	0,836807	0,367495	0,177937	0,100297	0,502595	0,691719	0,36438	0,20345	0,599364	0,354161	0,374334
Nevskiales	0,135423	0,062161	0,127545	0,392056	0,114077	0,166412	0,070956	0,210916	0,372806	0,081137	0,360166	0,077574	0,082787	0,103655	0,060076	0,208735	0,2851	0,038795	0,230491	0,118612	0,302205	0,085428	0,189154	0,119955	0,115912	0,197527	0,117186	0,268881	0,099436	0,090976	0,181756	0,102832	0,200642	0,065945	0,159829	0,072862	0,09988	0,169671	0,071981	0,252251	0,083669	0,146921	0,029558	0,144018	0,271107	0,259648	0,101702	0,107631	0,502195	0,237757
Nitrosomonadales	0,948055	0,511231	0,240016	0,561535	0,461348	0,854618	0,395857	0,630291	0,849166	0,307296	0,99983	0,804616	0,944178	0,816681	0,581075	0,963763	0,721254	0,222557	1,167495	1,046578	0,924402	0,526344	0,782418	0,240631	1,560327	0,687189	0,495964	0,493331	0,445072	0,495473	0,502164	0,302284	0,7949	0,440983	0,275644	0,32457	0,672282	0,997668	0,324352	0,727475	1,242411	0,67745	0,292274	0,510977	0,874912	0,487542	0,629181	0,598378	0,78443	0,658937
Nitrospirales	0,083496	0,008391	0,010315	0,03254	0,009234	0,024729	0	0,16646	0,043364	0,010485	0,057051	0,029557	0,025305	0	0,045109	0,165511	0,109323	0,091638	0,064983	0,019426	0,069815	0,022911	0,030424	0,028778	0,263754	0,051036	0,020721	0,215315	0,040956	0,025377	0,042598	0,076743	0,04865	0,01044	0,049135	0	0,934646	1,294399	0,034529	0,033423	0,282055	0,056296	0,050531	0,014006	0,041916	0,106122	0,008653	0,068514	0,050019	0,103782
Nostocales	0,089805	0,127592	0,369438	0,064452	0,100307	0,033548	0,104814	0,147525	0,061957	0,083122	0,082662	0,120477	0,037057	0,507648	0,035022	0,130029	1,164754	0,053746	0,075114	0,041809	0,059025	0,218247	0,049035	3,594939	0,051407	0,069332	0,117966	0,062906	0,053368	0,145601	0,085474	0,217182	0,070451	0,035727	0,040063	0,196888	0,033527	0,077083	0,229434	0,05113	0,048042	0,046027	0,039156	0,04702	0,094398	0,065814	0,032751	0,153567	0,342124	0,055605
Oceanospirillales	0,145718	0,104173	0,096888	0,192144	0,113284	0,118475	0,106466	0,214056	0,186267	0,089558	0,236674	0,122043	0,150568	0,102481	0,139255	0,213648	0,182044	0,129141	0,152598	0,203362	0,200773	0,117055	0,165565	0,100856	0,143861	0,254209	0,123906	0,140782	0,105357	0,121909	0,204748	0,217179	0,17568	0,088768	0,204791	0,088801	0,168036	0,188529	0,084904	0,172793	0,12952	0,182893	0,099938	0,14936	0,222678	0,248041	0,181962	0,216403	0,206776	0,260686
Oligoflexales	0	0	0	0	0	0	0	0,010503	0	0	0	0,013514	0	0	0	0,008883	0,029808	0	0	0	0	0	0	0	0	0	0	0,010222	0	0,018118	0	0,102738	0	0	0	0	0	0	0,012267	0	0	0	0	0	0,009297	0	0	0	0	0
Opitutales	0,09065	0,01836	0,34697	0,325534	0,105794	0,06972	0,027666	0,171066	0,175484	0,029667	0,138439	0,193004	0,028532	0,033023	0,08023	0,082407	0,613583	0,023695	0,159916	0,048975	0,280125	0,02684	0,117486	0,101049	0,235187	0,105397	0,046174	0,160163	0,052569	0,243973	0,088659	0,172652	0,226853	0,035333	0,19223	0,078666	0,035803	0,152594	0,04715	0,434586	0,069279	0,080775	0,022799	0,043435	0,156876	0,104042	0,049649	0,088712	0,167235	0,290672
Oscillatoriales	0,165654	0	0,122736	0,044899	0,112094	0,023277	0,102687	1,062306	0,042465	0,102388	0,122372	0,680083	0,028262	6,247291	0,053864	2,38016	1,561917	0,066399	0,106454	0,027151	0,068706	0,040403	0,031197	0,576188	0,065163	0,041038	0,058892	0,050546	0,017685	0,846075	0,028513	0,327972	0,032368	0,050053	0,025229	0,468333	0,010155	0,107135	6,781065	0,033858	0,027206	0,031661	0,026765	0,041854	0,103507	0,078993	0,026741	1,148711	0,883447	0,039261
Parachlamydiales	0	0	0	0	0	0	0	0	0	0	0	0	0	0	0	0,00865	0,009303	0,057332	0	0	0	0	0	0	0,0096	0	0	0	0	0	0	0	0	0	0	0	0	0	0	0	0	0	0,017794	0	0	0	0	0	0,01006	0
Parvularculales	0	0	0	0	0	0	0	0	0	0	0,009312	0	0	0	0	0,011487	0,016773	0	0	0	0,008408	0	0	0	0	0	0	0	0	0	0	0	0	0	0	0	0	0,00833	0	0,009328	0	0	0	0	0,01095	0,008378	0	0	0,017603	0
Pasteurellales	0,009758	0,014811	0,02027	0,021886	0,036948	0	0,025096	0,01173	0,021881	0,018001	0,009053	0,023833	0,013043	0,009028	0,008755	0,010449	0	0,041144	0,019858	0,009451	0,020419	0,020818	0,019703	0	0,031345	0,034575	0,010582	0,008437	0,024114	0,015248	0,012271	0	0,022835	0,011198	0,016937	0,028811	0,024322	0,024723	0	0	0,014445	0,020412	0,029106	0,026974	0,01171	0,030576	0,035898	0,035605	0	0,033936
Phycisphaerales	0,017178	0	0	0,011095	0	0	0	0,034092	0,010405	0	0,026112	0,014145	0,008507	0	0	0,030661	0,041382	0	0,019921	0	0,024721	0	0	0,020094	0,009877	0,024204	0	0,028057	0,010764	0,018136	0,010371	0,023862	0,008287	0	0,011887	0	0	0,028766	0,011705	0	0	0,02611	0	0,008384	0,027772	0,034306	0	0,011179	0	0,032033
Pirellulales	0,106352	0,048648	0,029442	0,095602	0,049225	0,037859	0,066201	0,175572	0,155309	0,050119	0,230064	0,270542	0,082343	0,050485	0,07171	0,280889	0,416416	0,081236	0,187876	0,064225	0,236347	0,02996	0,051243	0,091306	0,251651	0,152837	0,033863	0,31847	0,102973	0,2861	0,114671	0,223631	0,127488	0,047659	0,294922	0,027707	0,066	0,175469	0,152386	0,066886	0,260265	0,205896	0,061917	0,075502	0,142799	0,180021	0,09079	0,130303	0,187997	0,191761
Planctomycetales	0,106894	0,032751	0,059389	0,13811	0,11487	0,053125	0,030507	0,191039	0,124907	0,042503	0,164115	0,143224	0,052816	0,050022	0,046192	0,237357	0,29897	0,079095	0,085991	0,047479	0,142708	0,037079	0,07177	0,19137	0,193926	0,093508	0,061526	0,210293	0,068257	0,136364	0,109291	0,163536	0,126742	0,06168	0,10144	0,063989	0,045372	0,135878	0,131065	0,175366	0,122777	0,145536	0,053062	0,063412	0,198764	0,189366	0,049501	0,110596	0,201808	0,141695
Pleurocapsales	0	0	0	0	0	0	0	0	0	0	0	0,008917	0	0,026138	0	0	0,075128	0	0	0	0,011755	0	0	0,028607	0	0	0	0	0	0,010711	0	0	0	0	0	0,009666	0	0	0	0	0	0	0	0	0	0	0	0	0,018713	0
Propionibacteriales	0,24442	0,162351	0,054657	0,067117	0,058196	0,041367	0,05841	0,217386	0,15239	0,078328	0,224779	0,225065	0,082222	0,056645	0,153622	0,33318	0,279733	0,321976	0,451707	0,157165	0,271472	0,072797	0,073129	0,101824	0,33025	0,244076	0,052927	1,372465	0,299091	0,277365	0,366014	2,225757	0,330359	0,141227	0,581393	0,037478	0,249572	0,306988	3,583919	0,081407	3,2302	0,261395	0,174259	0,098463	0,135369	0,213473	0,080718	0,415869	0,134325	0,267663
Pseudomonadales	1,217576	2,291457	0,541402	2,093533	0,559636	0,540397	1,814424	0,940529	0,693383	0,832833	0,760494	0,670431	1,052179	0,439599	4,7772	0,547932	0,487636	4,550329	1,572986	1,432116	2,271513	4,96537	2,253407	1,40088	0,626451	2,544832	1,946897	0,526333	1,209518	0,732351	1,686593	1,454704	0,837883	0,559773	0,527143	0,862925	0,737762	0,746706	2,37072	0,844732	2,541425	0,816617	4,075893	0,826321	0,71535	0,690461	2,113469	1,312113	0,673744	0,935721
Pseudonocardiales	0,163955	0,074644	0,089017	0,075858	0,051118	0,050602	0,045894	0,209527	0,197278	0,07375	0,233257	0,175252	0,062598	0,0506	0,072569	0,268639	0,288255	0,062673	0,404084	0,127793	0,272994	0,075906	0,100901	0,316342	0,174875	0,184483	0,115272	0,297779	0,154672	0,234211	0,189395	0,367214	0,27224	0,09967	0,563993	0,061661	0,166387	0,176485	0,504594	0,099304	0,288969	0,259388	0,043827	0,099365	0,129658	0,169484	0,089248	0,133283	0,143516	0,262917
Puniceicoccales	0	0	0	0,010658	0	0	0	0,009636	0	0	0	0	0	0	0	0	0,022887	0	0	0	0	0	0	0	0	0	0	0	0	0	0	0	0	0	0	0	0	0	0	0	0	0	0	0	0,009414	0	0	0	0	0
Rhizobiales	3,83931	4,260364	8,191431	7,785479	5,934117	3,054581	3,201864	5,10216	5,779536	2,741247	21,116517	5,553359	3,033724	3,035284	6,549269	9,854494	14,419656	2,406809	4,974523	3,105641	8,549065	5,065215	5,282959	10,330752	6,287846	6,117606	4,534471	9,667165	4,956166	7,424727	10,012893	12,36626	5,855991	2,858339	8,232372	3,008955	7,745586	8,066825	14,873798	9,578839	11,454009	6,124753	4,338148	3,074529	7,215674	8,351339	3,253688	5,250773	9,767739	5,667465
Rhodobacterales	0,6748	1,462457	0,295194	0,637117	0,455034	0,26017	1,061633	1,535336	1,056645	0,378973	1,347848	2,197062	2,021986	0,772484	1,268021	2,609642	0,961896	1,189773	1,212241	1,524494	1,786701	0,302849	0,395171	0,409896	2,487064	1,006048	0,275491	3,031207	1,635902	2,264665	0,93928	1,491582	1,044022	1,001544	5,408744	0,256626	2,780593	3,95723	1,503959	0,585819	2,733231	1,64748	1,140105	0,797165	1,051913	1,062771	0,450404	2,114709	0,829773	1,30354
Rhodocyclales	0,528273	0,197886	0,196977	0,404908	0,245336	1,542883	0,309473	0,662547	0,477554	0,263642	0,822177	0,300143	0,305613	0,4221	0,658063	0,422733	2,575051	0,909738	0,46193	0,421272	0,821551	0,271405	0,582777	0,178604	0,590322	0,566718	0,410985	0,752686	0,205316	0,661229	0,776706	0,997936	1,404572	0,332904	1,190733	0,222911	0,848168	1,117239	0,369805	0,882339	1,855387	0,47241	0,557241	0,460198	0,964656	0,600435	0,279842	0,993947	0,480177	0,851581
Rhodospirillales	0,711338	0,589765	1,505257	1,962931	1,057331	1,173541	0,483888	1,7284	0,897041	0,591446	1,405941	0,671032	0,449832	0,531017	0,658323	1,435632	1,400378	0,749522	0,608333	0,667137	0,858595	0,811986	1,366877	2,862231	0,767628	0,831907	0,957443	1,211555	0,794232	0,756779	1,24159	1,142814	1,969097	0,860173	0,83325	0,591774	0,765679	1,591207	1,517706	2,051945	1,168604	1,025786	0,815742	0,821733	3,572364	1,612515	0,451831	1,070183	1,648824	0,840498
Rickettsiales	0,033688	0,059228	0,050921	0,04742	0,054452	0,07162	0,061889	0,047002	0,037577	0,044284	0,014999	0,043338	0,058449	0,042049	0,147701	0,035838	0,031729	0,057061	0,024298	0,057024	0,025672	0,039117	0,041394	0,033766	0,043062	0,027257	0,050318	0,068459	0,0571	0,030136	0,03171	0,035554	0,041275	0,058232	0,017694	0,045356	0,040828	0,025339	0,02191	0,033913	0,015094	0,046463	0,108401	0,032009	0,044599	0,033131	0,041269	0,03971	0,0368	0,011704
Rubrobacterales	0,008289	0	0	0	0	0	0	0	0	0	0	0	0	0	0	0,021129	0	0	0	0	0,008876	0	0	0	0	0	0	0,010042	0	0,008987	0,010441	0,009349	0,009291	0	0	0	0	0	0,021842	0	0,013293	0,022595	0	0	0	0	0	0	0	0
Saprospirales	0,022702	0,008961	0	0,039644	0	0	0,013326	0,028774	0,029398	0	0,015263	0,038174	0,049052	0,012572	0,010874	0,091723	0,073579	0,036311	0,030398	0,023541	0,040971	0,009004	0	0,027095	0,039102	0,011967	0,010905	0,126166	0,019168	0,048094	0	0,079773	0,023327	0	0,047811	0	0,015992	0,078187	0,008822	0,012085	0,046962	0,024336	0,017591	0,010662	0,048456	0,009737	0,010769	0,011513	0,035941	0,012051
Selenomonadales	0	0	0	0	0	0,008355	0	0	0	0	0	0	0	0	0	0,01165	0,034518	0	0	0	0,011282	0	0	0	0	0	0	0,018884	0	0	0	0	0,009156	0	0	0	0	0,019185	0,014809	0,026971	0,025176	0	0	0	0,00945	0,009224	0	0,009945	0,035663	0
Silvanigrellales	0	0	0	0,018024	0	0	0	0,017915	0	0	0	0	0	0	0	0,018138	0,009582	0	0	0	0	0	0	0	0	0	0	0	0	0	0	0	0,008347	0,017345	0	0	0	0	0	0,013841	0	0	0	0	0,050454	0	0	0	0	0
Sneathiellales	0	0	0	0,018265	0	0	0	0	0	0	0	0	0	0	0	0,008371	0,009152	0	0	0	0	0	0	0	0	0	0	0	0	0	0	0	0,008417	0	0	0	0	0	0	0,009757	0	0	0	0	0,022967	0	0	0	0,008724	0
Solirubrobacterales	0,082299	0,098942	0,013392	0	0,020077	0	0,058226	0,093919	0,052556	0,040692	0,093185	0,121831	0,058687	0,008988	0,037455	0,131465	0,044026	0,047593	0,07859	0,102184	0,07681	0,012793	0,020481	0,031074	0,104377	0,076533	0	0,145201	0,11487	0,104813	0,160808	0,15309	0,104551	0,036863	0,063312	0,020961	0,058003	0,092495	0,221504	0,015594	0,179832	0,212568	0,035239	0,072909	0,027158	0,065963	0,051668	0,092763	0,021329	0,079571
Sphingobacteriales	0,552275	1,773487	0,882515	0,563164	0,500946	0,192724	0,42494	0,454457	0,474515	0,494127	0,440787	0,577439	0,454726	0,747167	0,397465	0,967307	1,490283	0,626367	1,661232	0,519171	1,084958	5,116186	0,83451	0,918121	1,037477	0,468926	0,954405	0,800513	0,661345	0,537308	1,237041	2,215016	0,538318	0,275603	0,294436	0,401208	0,514412	0,66718	1,941867	0,604522	0,565964	0,661909	0,716717	0,35462	0,626807	0,433926	0,444895	0,469687	0,954071	0,404738
Sphingomonadales	3,038903	10,927885	2,278732	4,182688	1,432224	4,938696	4,538666	5,550776	7,009942	3,664443	5,882802	5,238268	4,01677	3,776729	6,239785	8,089221	5,588934	3,737031	4,50649	5,175315	4,693177	6,292552	5,172939	8,046023	6,660508	4,903536	4,890118	5,631245	8,067462	4,48635	7,513877	12,443238	4,01805	4,883674	6,382759	2,939002	6,157767	5,502927	9,435233	4,424793	7,986637	5,254209	8,29386	5,613118	6,81622	5,227903	4,674317	8,868656	8,267033	3,981718
Spirochaetales	0	0	0	0,041626	0	0,01992	0	0,021401	0,030577	0	0,045078	0	0	0	0,008903	0,0179	0,104832	0	0	0	0,085737	0	0	0,008344	0	0,018029	0	0	0	0	0,010558	0	0,056893	0	0,008939	0	0	0,056543	0	0,024577	0,032327	0,014197	0	0,019484	0,063761	0,041237	0	0	0,06982	0,013041
Spirulinales	0	0	0	0	0	0	0	0	0	0	0	0	0	0,009004	0	0	0,021478	0	0	0	0	0	0	0	0	0	0	0	0	0	0	0	0	0	0	0	0	0	0	0	0	0	0	0	0	0	0	0	0	0
Streptomycetales	0,291224	0,217936	0,202055	0,178011	0,196758	0,146286	0,185147	0,268574	0,40253	1,356037	0,446115	0,466659	0,270511	0,514154	0,249987	0,409325	0,401179	0,330183	0,952709	0,291115	0,570452	0,184487	0,220929	0,219938	0,41754	0,441259	0,163686	0,449872	0,306421	0,559189	0,282042	0,531515	0,434855	0,245045	1,191982	0,168085	0,35117	0,378913	0,569084	0,176495	0,37464	0,537418	0,240506	0,311117	0,23141	0,319431	0,448838	0,391909	0,248368	0,539861
Streptosporangiales	0,131884	0,064299	0,073192	0,062001	0,043176	0,078491	0,037405	0,138285	0,168662	0,052305	0,202336	0,188571	0,063755	0,050136	0,069794	0,240123	0,225822	0,055393	0,382326	0,11056	0,294634	0,063147	0,089949	0,15712	0,15006	0,162709	0,055717	0,20692	0,127647	0,260317	0,13364	0,251407	0,279262	0,109499	0,540497	0,054885	0,13574	0,174803	0,285704	0,087937	0,176233	0,254793	0,043091	0,098119	0,115436	0,156944	0,088751	0,113569	0,129143	0,254402
Synechococcales	0,069566	0,02582	0,367031	0,085201	0,283279	0,057058	0,364634	0,237887	0,080832	0,104364	0,13937	0,138242	0,05111	1,04079	0,029737	0,094219	3,41964	0,06935	0,05974	0,05621	0,077823	0,054374	0,049745	0,884113	0,052448	0,066112	0,082416	0,11045	0,033555	0,168988	0,056883	0,077096	0,09956	0,062055	0,052777	0,526661	0,03562	0,098324	0,112827	0,098547	0,038529	0,045692	0,031281	0,078563	0,16599	0,105603	0,048608	0,09	1,074732	0,069929
Syntrophobacterales	0	0	0	0	0	0	0	0,008644	0,008415	0	0	0	0	0	0	0,009325	0,024548	0	0	0	0,019692	0	0	0	0	0,01134	0	0,009423	0	0	0	0,0084	0,016709	0	0	0	0	0,014981	0	0	0,040916	0	0	0	0,010855	0,024746	0	0	0	0,0281
Tepidisphaerales	0,00914	0	0	0,054726	0	0	0	0	0,037807	0	0,029194	0,01215	0	0	0,008458	0,032494	0,047928	0	0,030137	0	0,012719	0	0	0,016539	0,009911	0,010545	0	0,031276	0	0,014338	0,018542	0,049993	0,016477	0	0	0	0	0	0,039587	0,008701	0,016762	0,027777	0	0,012464	0,01661	0,011545	0,013137	0	0,020115	0,021307
Thermales	0	0	0	0	0	0	0	0	0,009889	0	0,013582	0	0	0	0	0,00972	0,025315	0	0,008534	0	0,012348	0	0	0,012498	0	0	0	0	0	0	0	0	0	0	0	0	0	0	0	0	0	0	0	0	0	0	0	0	0	0,008355
Thermoanaerobacterales	0	0,012882	0,023767	0,009318	0,032182	0	0,020143	0,009799	0	0,01384	0	0,023086	0,01904	0,014472	0,011076	0,008507	0	0,02522	0	0	0	0	0	0,008257	0,022419	0,009551	0	0	0,020851	0,008477	0,011728	0	0,010238	0,0087	0,010617	0,027893	0,009064	0,008528	0,013628	0	0,020594	0,009514	0,011204	0,025732	0	0,021307	0,01593	0,012845	0	0,008255
Thermogemmatisporales	0	0	0,06021	0	0	0	0	0	0	0	0	0	0	0	0	0	0	0	0	0	0	0	0	0,010789	0	0	0	0	0	0	0	0	0	0	0	0	0	0	0	0	0	0	0	0	0	0	0	0	0	0
Thermomicrobiales	0,012251	0	0	0	0	0	0	0	0	0	0	0	0	0	0	0,024345	0	0	0	0	0	0	0	0	0,009428	0	0	0,038794	0	0	0	0,022694	0	0	0	0	0	0,009154	0,033761	0	0,023578	0,008926	0	0	0	0	0	0,01044	0	0,010364
Thiotrichales	0,035203	0,020728	0,023014	0,066931	0,029909	0,041819	0,022609	0,055672	0,061008	0,013368	0,070991	0,03059	0,035707	0,033566	0,019134	0,057621	0,071657	0,012591	0,044992	0,039168	0,057297	0,024731	0,051404	0,027729	0,048718	0,057122	0,032741	0,040459	0,023636	0,029551	0,042311	0,030874	0,05601	0,026818	0,042581	0,021392	0,042293	0,050304	0,019448	0,06146	0,052131	0,04096	0,013035	0,035563	0,071647	0,059251	0,030289	0,037441	0,069756	0,059647
Tissierellales	0	0,009313	0,011476	0	0,024853	0	0,008587	0	0	0	0	0,00879	0,008257	0	0	0	0	0,023652	0	0	0	0	0	0	0,009669	0,009299	0	0	0,010352	0	0	0	0	0	0,008669	0,022802	0	0	0	0	0	0	0,009254	0	0	0,008944	0,015332	0,010809	0	0
Vampirovibrionales	0	0	0	0	0	0	0	0,018186	0	0	0	0	0	0	0	0,014803	0	0	0	0	0	0	0	0	0	0	0	0	0	0	0	0	0	0	0	0	0	0	0	0	0	0	0	0	0,128125	0	0	0	0	0
Verrucomicrobiales	0,187993	0,106061	0,071659	0,207813	0,149263	0,066483	0,040934	0,238909	0,156194	0,056896	0,259946	0,238753	0,072372	0,049969	0,208267	0,59644	0,289745	0,167586	0,272805	0,192889	0,287792	0,061673	0,134077	0,127907	0,350075	0,227534	0,072451	0,731566	0,134856	0,242453	0,266039	0,46555	0,225937	0,087796	0,131859	0,034926	0,051179	0,28624	0,288688	0,151585	0,223997	0,297285	0,142535	0,082381	0,275918	0,353138	0,078278	0,198405	0,179019	0,284969
Vibrionales	0,078211	0,109534	0,124205	0,072215	0,179474	0,052258	0,094545	0,082312	0,074429	0,065318	0,055565	0,135189	0,115519	0,053283	0,064318	0,067577	0,051115	0,43329	0,22969	0,071662	0,150772	0,078465	0,062404	0,05919	0,15802	0,439447	0,063675	0,102643	0,10396	0,154894	0,082022	0,108792	0,077975	0,054156	0,142758	0,142205	0,126591	0,15097	0,091129	0,055338	0,089269	0,104586	0,228142	0,13808	0,070317	0,118249	0,378715	0,33559	0,05337	0,221488
Xanthomonadales	0,532958	3,648024	0,409372	0,934999	0,405048	0,600775	0,341231	0,684409	0,560389	0,52378	0,838224	0,396729	0,26368	0,383629	0,862702	0,500379	0,492306	0,389408	0,608652	0,910316	0,668696	11,585262	0,910774	11,457668	0,508295	0,859911	3,057873	0,61573	0,697497	0,515482	8,240033	1,077925	0,933488	0,271485	0,845981	0,300775	0,93481	0,772006	2,170193	0,833005	0,763154	0,740748	0,820276	0,638587	0,76357	0,591078	0,43268	0,877181	0,747131	0,673466
riqueza	91	67	76	86	73	69	70	89	84	70	89	84	75	73	78	103	105	80	82	75	95	69	73	87	86	87	69	93	75	86	83	88	98	73	84	67	77	88	89	84	91	86	78	79	96	92	74	87	88	90
