order	AGR1	AND1	ARG1	ARG2	ARG3	AVE1	AZE1	AZE2	BIL1	CAB1	CAN1	CAV1	CAV2	CBR1	COV1	CasM1	ERM1	EST1	EST2	FER1	FERRO1	FOR1	GER1	HOM1	LAB1	LAM1	MACE1	MACI1	MOU1	NES1	OLI1	PON1	RAB1	RAB2	ROD1	SAL1	SAN1	SEL1	SOU1	TAve1	TAve2	TOJ1	VEI1	VEZ1	VEZ2	VEZ3	VIL1	VIZ1	Vilc1	rPON1
Acholeplasmatales	0	4184	0	0	0	0	0	0	0	4576	0	0	0	4268	433	8375	0	0	0	507	0	0	0	0	0	0	0	0	0	0	600	0	4545	2567	0	0	0	420	0	0	0	7398	389	0	0	0	0	56393	0	0
Acidimicrobiales	5707	20458	0	8675	1321	4593	4344	70697	21745	4962	49068	15001	22019	13420	18234	131197	56133	1777	5364	4206	74522	8936	5471	14765	19565	23174	6344	165052	5025	47903	27399	88778	39010	4300	49091	299	39197	61381	59828	33994	50088	42510	6636	28652	64725	8300	3261	48957	28042	40409
Acidithiobacillales	0	0	0	270	0	0	0	0	325	0	3576	0	0	0	0	0	519	0	0	0	0	0	0	0	0	2648	0	0	0	0	0	0	3033	0	0	0	0	0	0	3234	0	0	0	0	2856	0	0	0	0	0
Acidobacteriales	3984	38575	335275	31674	5023	2521912	20389	45136	25818	11104	23587	2855	4613	82762	6402	32598	60488	600	2735	1497	19934	108469	38568	186464	2073	14912	57658	20643	2551	7546	48210	22083	29717	1905	13370	4220	5251	672619	14736	261298	9350	10318	5138	39233	659605	27362	2018	17046	49148	13276
Actinomycetales	1332	0	0	0	0	0	0	12515	3881	0	8068	2041	0	0	0	14263	8445	2226	1058	851	11469	0	0	4216	2284	4851	0	18566	868	6635	5879	20953	8329	2370	15355	0	14216	10814	16068	4569	10955	5826	5185	4279	8362	1601	0	13152	4548	7595
Aeromonadales	3171	6632	0	4786	283	18567	731	23239	5082	3546	10630	1876	5771	1423	9902	10699	4937	2334	1134	1308	42449	7592	5129	3864	1541	9390	6416	12653	982	4764	7057	6929	14599	3983	87905	282	15826	19013	4513	10300	56762	4302	4347	12191	77242	2274	318	114330	4877	50767
Alteromonadales	4847	22884	19701	25490	3242	42706	12628	49535	25426	8793	37917	5632	21774	12734	21037	39417	24812	2710	5582	4833	48505	26222	21409	13831	4950	37815	26324	33655	2965	14238	27278	33125	26569	2325	63346	1829	17753	26059	12696	44580	23679	22036	12575	30769	66610	6430	3229	40634	28174	35422
Anaerolineales	666	0	0	0	0	0	0	3871	0	0	782	763	0	0	3652	12952	8566	479	0	0	17355	0	0	3950	1524	0	0	11762	0	3573	0	14207	5042	0	4445	0	0	9688	7837	0	9268	598	0	0	3503	1116	0	7786	486	5393
Ardenticatenales	519	0	0	0	0	0	0	0	0	0	0	0	0	0	0	0	0	0	0	0	0	0	0	0	0	0	0	0	0	0	0	0	0	0	0	0	0	0	0	0	0	0	0	0	0	1574	0	0	0	0
Armatimonadales	3045	5857	0	24680	2163	8984	14385	21488	13466	0	15561	3266	9203	15121	6572	29557	19990	2605	3568	1859	24605	3435	4686	17346	3460	8167	4183	15706	1996	3083	4965	23866	1356	361	0	0	6995	5387	7911	11057	3367	14825	10674	9212	25180	2544	1719	6239	11104	5154
Bacillales	15934	78671	71418	30585	13805	73202	92619	83655	53778	56071	37801	19649	58095	42281	30346	73637	44594	15633	13242	13188	84119	166375	53524	38599	14338	44073	56167	111749	9406	43786	27381	85496	37254	5898	75568	9649	39951	50232	213388	92631	49602	44514	34407	246849	113586	11455	19960	164916	33537	47886
Bacteriovoracales	0	7701	0	3472	0	0	1270	21228	17902	3164	5002	1314	497	0	28267	7296	0	0	480	6960	4604	13186	0	0	807	5792	6158	9548	1882	749	8996	0	9330	3300	0	0	300	0	0	8845	4867	11201	0	3689	14291	0	702	17222	0	5417
Bacteroidales	1949	10011	4365	6639	1207	15561	5944	16004	8808	411	8331	3057	8171	7563	5606	22178	33792	4821	4970	1328	40231	17145	5232	10263	2813	7997	9846	31915	2784	8434	9401	28631	9107	893	13414	366	14357	18676	18911	15234	12794	8917	16485	8597	21019	1894	1191	18245	14143	9673
Bdellovibrionales	2541	17686	22092	55177	6247	10405	28638	79277	66129	14109	52392	4313	37740	6588	37685	57765	28130	602	4528	9972	43597	16243	30757	21158	2752	16240	44162	27207	5138	11984	22692	29295	51529	3926	8931	3079	15347	18230	13749	91769	14533	36082	3888	24237	83086	2243	3755	26564	39037	26117
Bifidobacteriales	0	0	0	0	0	0	0	0	0	0	0	0	0	0	0	0	0	1771	0	0	0	0	0	0	0	0	0	0	0	0	0	0	0	0	0	0	6192	0	0	0	0	0	3922	0	0	0	0	0	0	0
Blastocatellales	0	0	0	0	0	0	0	0	0	0	0	0	0	0	0	0	607	0	0	0	0	0	0	0	0	0	0	0	0	0	0	0	0	0	2838	0	0	0	4975	0	3866	0	0	0	0	0	0	0	0	0
Bradymonadales	0	0	0	0	0	0	0	0	0	0	0	0	0	0	0	0	0	0	0	0	2602	0	0	0	0	3899	0	0	0	0	0	0	0	0	0	0	0	0	0	0	0	0	0	0	0	0	0	0	0	4896
Bryobacterales	2047	0	58072	57815	7688	73734	5647	37166	33610	3940	23540	2008	413	10589	5209	32024	52688	1435	1742	456	22240	4925	14856	38817	2814	6550	12717	19494	1303	5255	9756	21889	25035	926	3989	3983	7314	20683	12308	85758	8649	9660	5679	13652	45461	2615	3217	16151	56627	9491
Burkholderiales	659538	7178236	3338246	3810610	509598	11690167	4038573	9183677	5488172	2163888	8663374	1083729	3940688	2271166	6125769	4070184	1931765	863932	724301	1242380	5702239	8850751	7361227	2393455	993898	4671494	10667882	5455484	500453	2561268	5656103	7890119	8805959	767569	5715183	474184	3807958	2836837	2644798	10942843	6972792	3153679	4101332	10782715	10477444	598537	875524	8223659	4378098	2717399
Caldilineales	546	0	0	0	0	0	0	0	0	0	0	0	0	0	0	397	0	0	0	0	0	0	0	0	615	0	0	3386	0	0	0	0	0	0	0	0	0	0	0	0	1256	0	0	0	0	0	0	0	0	0
Campylobacterales	379	0	0	3682	0	9128	866	7007	4257	0	3383	0	4632	0	3567	5612	3930	933	473	774	6724	4170	3057	0	0	3646	0	8408	0	0	0	7211	5176	785	121279	0	3345	5714	5641	5934	7085	0	452	3133	9700	455	0	11952	597	4676
Capsulimonadales	1505	0	10683	428	0	0	0	0	354	0	0	0	0	0	0	0	4666	0	0	0	4275	3032	9492	20537	0	0	8586	0	0	0	2872	0	0	0	0	0	0	0	0	0	0	0	0	0	0	0	0	0	759	0
Catenulisporales	0	0	6956	0	0	0	0	0	0	0	0	0	0	0	0	358	0	0	857	0	0	0	0	0	0	0	0	0	0	0	0	0	555	0	3372	0	0	0	0	0	0	0	0	0	0	0	0	0	0	0
Caulobacterales	26781	192582	179910	221442	16570	170734	102499	427005	126391	84354	371692	63017	126253	61081	757010	359924	128886	21532	55219	49098	725171	411551	122034	241404	106617	162177	193383	488658	34604	199906	333800	1193662	310787	26658	840600	8810	133351	495634	707987	389248	766701	431298	443534	267615	654375	65192	16169	479759	153019	566145
Cellvibrionales	11579	47310	18631	39878	3203	44031	15011	76136	32616	9239	57655	11418	34712	12841	62898	85850	65602	9358	13744	11241	81903	27857	28170	14556	11629	86713	26193	92124	5208	20496	60538	88633	32507	2794	114228	1760	21710	32069	18978	50223	27183	51302	54313	38226	80374	14497	5785	54568	46211	53851
Chitinophagales	55614	240684	189295	116710	22020	126409	211884	233196	256461	38076	171446	115612	95777	335505	114637	1297681	751903	57025	580885	23281	2079078	456325	83695	163808	117184	154190	661952	519358	52202	459020	133670	1658159	85333	11870	247074	6361	364503	272160	367880	547190	211052	464865	463186	139236	259010	39519	17724	174929	514362	406765
Chlamydiales	0	0	0	0	0	0	0	0	0	0	0	0	0	0	0	0	0	1002	0	0	0	0	0	0	0	0	0	0	0	0	0	0	0	0	0	0	0	0	0	0	0	0	2837	0	0	0	0	0	0	0
Chlorobiales	0	0	0	0	0	4762	0	0	0	0	0	0	0	0	0	0	706	0	0	0	0	0	0	2630	0	0	0	0	0	0	0	0	0	0	0	0	0	3927	0	0	0	0	0	0	0	0	0	0	0	0
Chloroflexales	780	0	0	0	0	0	0	3423	0	0	0	776	0	0	0	29542	4343	0	489	0	12280	0	0	4371	4453	0	0	26268	1321	4049	0	13312	535	0	7109	0	0	5827	13037	0	4623	560	0	0	0	500	0	5582	0	4145
Chromatiales	5435	22311	31875	34874	5898	57460	14093	62458	35433	7922	53687	6791	20029	15869	17193	44950	37304	4023	6664	4151	58241	24388	27403	20950	5770	38507	27491	51818	3354	19197	29637	39777	36873	2892	52882	2918	22955	32495	15248	63491	33549	21922	14224	35731	82747	7689	4606	39380	36439	37267
Chroococcales	344	0	7934	274	1398	0	6227	11145	0	0	3662	3192	0	24786	0	7596	49078	1371	0	0	6467	0	0	37847	0	341	0	7308	0	16215	0	4154	3354	0	0	1618	0	3531	7550	2938	0	0	0	0	10074	667	0	10106	6226	0
Chroococcidiopsidales	0	0	0	0	0	0	0	0	0	0	0	0	0	4420	0	0	8579	0	0	0	0	0	0	14385	0	0	0	0	0	0	0	0	0	0	0	0	0	0	0	0	0	0	0	0	0	0	0	0	475	0
Chthoniobacterales	829	0	0	362	0	3742	0	10850	4026	0	5729	1024	0	0	3167	14278	8724	451	1344	447	10229	0	402	9211	2279	4442	0	17496	0	5417	7204	26931	4514	0	0	0	0	4427	8701	4054	4090	4501	2815	2645	6599	1570	0	7334	586	6343
Chthonomonadales	0	0	5255	0	0	0	0	0	0	0	0	0	0	0	0	0	0	0	0	0	0	0	0	11653	0	0	0	0	0	0	0	0	0	0	0	0	0	0	0	0	0	0	0	0	0	0	0	0	0	0
Clostridiales	3374	19302	26765	13314	4455	41704	13259	27813	15691	6771	16845	5933	15671	10074	10461	31165	28109	11904	5240	2196	48379	15314	9619	18258	4776	17216	14507	34539	2967	16076	12118	33170	17041	1988	31661	2439	29028	39830	26899	27015	20122	14141	23279	21673	41779	4321	4373	36473	17483	20022
Corynebacteriales	40123	73335	136398	46906	8915	61812	20568	152182	55262	23188	97395	28662	39257	23655	35591	121260	86598	41063	20799	12650	137259	71481	40523	152176	32126	77232	66409	317486	12742	100066	102743	350840	76559	15467	165350	7334	136963	113945	377758	137610	243811	100089	115953	85319	143637	23920	8524	222278	70609	107317
Cryptosporangiales	1003	0	0	0	0	0	0	0	326	0	4019	1137	0	0	0	0	4582	0	3540	0	14482	0	0	0	0	329	0	0	0	6822	3543	26251	573	0	57983	0	0	0	11721	0	4961	8854	0	0	0	339	0	0	0	7440
Cytophagales	47653	912445	176881	117281	34809	92236	311381	209500	235085	74586	106890	117295	365589	213344	194637	375972	360304	77824	97442	59281	458020	694593	144293	379342	80119	240915	297988	635048	63341	178897	180048	1095934	102157	24513	261981	15067	181880	196487	492499	278009	436569	194356	404638	267125	213314	20012	62694	211640	162487	129093
Deinococcales	1253	4672	9172	4481	803	9678	5849	9361	10386	6321	10327	1793	3901	5403	0	10864	19192	2597	3899	1040	13920	258043	7552	90539	1076	6494	14645	20163	2137	5755	6655	40379	7131	332	10321	433	4275	4923	43468	11070	123502	7838	5359	9202	10884	1008	293	12963	7416	5357
Desulfobacterales	1713	3436	5065	7470	1025	17955	2841	16118	9816	295	12503	2232	8011	4294	9640	15523	12803	1407	2330	1065	45309	6582	6241	7582	1767	14889	7316	16741	1064	6740	8552	16088	11082	944	16891	667	5802	21210	5896	15312	18927	6844	4454	9312	22746	2426	1090	16104	10533	15741
Desulfovibrionales	748	0	4043	4680	627	19038	0	11275	5641	32234	8645	1585	5234	8676	5580	9044	7952	1126	1481	682	28657	2709	4215	4475	1153	9089	0	10598	366	4539	8419	9143	6657	311	11328	0	4727	18680	8238	11169	8078	4470	3356	9642	17801	1687	1178	14961	6347	9036
Desulfuromonadales	1466	0	7441	7293	1024	22690	0	15889	8176	359	23385	2111	6894	3698	9487	18386	13377	2529	1882	930	23748	5889	6618	6944	1576	10978	7339	14565	857	5358	9388	15759	28975	1701	11803	395	5297	18342	4839	15701	9836	5750	5903	8416	22826	2403	992	14421	9213	13049
Enterobacterales	34230	575118	174532	156805	38531	253735	191219	172116	65642	84201	73062	41730	120529	101199	158893	119749	43419	76001	85064	32528	194311	2299862	179505	72614	28507	110126	216226	336859	31405	93675	103758	397195	146651	13795	165619	33399	129117	371018	708725	180659	812732	109165	118651	243743	417469	29268	65598	382258	72458	97953
Erysipelotrichales	0	0	0	0	0	0	0	0	0	0	0	0	0	0	0	0	0	788	0	0	0	0	0	0	0	0	0	0	0	0	0	0	0	0	0	0	0	0	0	0	0	0	0	0	0	0	561	0	0	0
Ferrovales	0	0	3037	0	635	0	0	0	0	0	0	0	0	0	0	0	0	0	0	0	0	0	0	0	0	0	0	0	0	0	0	0	0	0	0	0	0	0	0	0	0	0	0	0	0	0	0	0	0	0
Fimbriimonadales	0	0	4515	5841	627	0	0	0	0	0	3281	0	0	0	2951	429	10133	0	0	0	0	0	0	4247	0	0	0	0	0	0	0	0	3370	0	0	336	0	0	0	8906	0	0	0	0	8289	421	0	2778	5421	0
Flavobacteriales	21541	1020700	36587	42634	9569	42775	125656	124781	65703	84136	54095	48326	231505	91043	569209	190991	162353	77225	62342	43191	323134	637326	30369	48030	79111	181417	64838	772952	28379	127106	268779	1441414	44571	6889	386383	4707	192979	195618	681716	92577	250076	498612	1507759	90890	93388	10045	19069	274559	70205	153432
Frankiales	3615	36827	24810	14388	3744	29499	15514	25840	20305	11552	15947	9099	62748	11391	16634	33545	14062	8413	7598	4117	39411	14946	10698	12890	5270	21174	17643	42403	3221	21102	11965	46121	18356	3799	45834	2136	22444	13288	35383	18569	15663	28513	19656	27052	23352	3379	12936	63396	10650	22509
Gaiellales	712	0	0	0	0	0	0	8547	0	0	0	865	0	0	3348	10387	5242	0	0	0	4083	0	0	0	1433	422	0	29849	0	4887	5137	18154	4167	0	0	0	0	0	3375	0	0	4233	0	3924	3576	421	0	10776	0	4211
Gemmatales	5997	15432	48112	38013	7659	27466	10841	77127	32236	8630	29811	13278	7795	29289	11924	80487	117671	3835	5515	1779	82735	18771	13579	119215	8297	17697	30044	78473	4340	59956	27558	85659	18905	1783	16454	2506	12645	41528	58921	31594	13671	27999	16866	21733	76021	7233	2082	37981	50891	33210
Gemmatimonadales	1953	7558	3555	4118	3762	9015	3586	23742	6658	344	31098	8895	10429	7547	7535	17265	35372	2023	4100	1018	23903	0	2998	8167	3309	9450	0	46209	1846	42784	9867	73494	8195	307	16483	945	5418	12130	23249	5222	12510	9217	12033	4659	20732	1969	2797	15157	7512	14618
Geodermatophilales	3014	8177	6524	304	262	0	6153	23468	6412	624	11118	3756	584	0	13530	16886	11558	2888	3822	1772	22974	3416	3129	11302	2830	9226	2666	195299	3218	13998	10210	163689	11003	1128	44645	387	15457	10268	100005	6025	42626	10707	8942	5464	13722	1944	1366	21566	5565	12037
Glycomycetales	0	0	0	0	0	0	0	0	0	0	0	0	0	0	0	0	0	0	0	0	0	0	0	0	0	0	0	0	0	0	0	0	0	0	7744	0	0	0	0	0	0	0	0	0	0	0	0	0	0	0
Herpetosiphonales	0	0	0	0	0	0	0	0	0	0	0	28685	0	0	0	0	0	0	0	0	0	0	0	0	0	0	0	7127	0	154657	0	13675	0	0	0	0	0	0	0	0	0	0	0	0	0	0	0	0	0	0
Holophagales	454	0	0	0	0	0	0	0	0	0	5386	0	0	0	3069	515	12204	1694	0	0	13745	0	0	0	0	0	0	3084	0	0	3805	3627	8314	0	0	0	0	10488	0	8867	6546	0	7352	0	4937	413	0	4806	4557	3574
Holosporales	0	0	0	2868	0	0	0	0	0	0	0	0	0	0	0	0	3323	0	0	0	0	0	0	0	0	0	0	0	0	0	0	0	0	0	0	0	0	0	0	0	0	0	0	0	8891	0	0	0	738	0
Hydrogenophilales	616	0	0	4864	629	13894	719	10999	5157	260	9689	0	435	660	2940	6334	4450	0	537	881	6898	0	7050	0	984	6348	6340	3831	0	0	5117	5259	8445	352	5889	0	4823	4436	0	12617	5960	587	0	6664	14326	961	333	5587	5478	4029
Hyphomonadales	857	3670	0	6761	881	0	3308	13113	15753	255	13225	2478	4053	3070	3366	23230	9532	461	2038	880	21148	0	3932	5094	1914	6945	3028	12222	1332	9633	7006	11397	5283	0	23147	0	11849	13516	5632	11868	6000	9534	4013	5222	19890	2131	1062	8834	12345	9666
Ignavibacteriales	0	0	0	0	0	0	0	0	0	0	0	0	0	0	0	0	1216	0	0	0	0	0	0	0	0	0	0	0	0	0	0	0	0	0	0	0	0	0	0	0	2158	0	0	0	0	0	0	0	0	0
Isosphaerales	2386	3642	31897	10957	2417	10275	0	28789	8801	3990	11129	3027	453	3883	4279	23801	30013	1954	1588	854	19163	8922	7484	74931	2500	7838	13735	22036	1346	10573	10510	23504	16422	1643	9811	1449	5642	10623	21310	39171	11068	9439	6865	7465	29272	2709	1001	15820	12108	10574
Jatrophihabitantales	0	0	3799	0	0	0	0	0	0	0	0	0	0	0	0	0	0	0	0	0	0	0	0	0	0	0	0	0	0	0	0	0	669	0	0	0	0	0	9908	0	0	0	0	0	0	0	0	0	0	0
Jiangellales	452	0	0	0	0	0	0	0	0	0	514	0	0	0	0	710	969	0	1209	290	3625	0	0	0	350	0	0	7551	0	2981	0	8708	994	0	12031	0	5128	0	6461	0	4599	593	0	0	2768	276	0	0	0	2619
Kineosporiales	4047	13221	3515	432	1046	0	17991	14240	10495	420	21297	12672	17204	7315	15528	61137	30951	5818	7698	2064	121114	3874	6534	3617	30347	14086	5162	239442	5401	32267	17117	100054	20370	1609	157365	0	261435	136977	60440	12428	159508	15908	59076	8100	15194	3648	4160	23776	3667	37283
Kordiimonadales	0	0	0	0	0	0	0	0	0	0	0	0	0	0	0	0	0	0	0	0	0	0	0	0	0	0	0	0	0	0	0	0	0	0	0	0	0	0	0	0	0	0	0	0	2781	0	0	0	0	0
Ktedonobacterales	476	0	214370	290	0	33709	0	3703	405	0	0	0	0	0	0	9710	13339	0	0	0	4147	0	3568	57097	0	0	2660	2769	0	0	0	0	4301	0	0	307	0	0	4059	3274	0	0	0	0	0	0	0	0	758	0
Lactobacillales	2166	25978	25400	8501	6352	16695	17178	22986	8516	10023	5138	6162	19589	8238	6556	19503	6739	9436	8747	1970	18241	18635	6058	6772	4770	8193	12169	35801	3667	10582	4488	19862	7179	1705	19667	3774	15896	12658	18641	9884	10505	12605	16693	27833	14951	3241	7435	28748	5577	10600
Legionellales	1450	0	4697	11173	1287	15146	967	19101	5651	286	10467	1806	567	494	5867	13780	12744	3373	1294	913	14149	8684	5827	6959	2086	6237	7510	12871	761	4983	6268	12979	9664	372	2654	668	4127	6943	7000	24458	11733	7042	10891	7298	32773	1921	370	12428	8727	8334
Leptospirales	514	0	0	277	0	0	0	3334	3274	0	5585	0	493	0	0	4939	4504	0	1016	0	12702	0	0	0	285	5316	0	2772	0	314	0	0	0	0	3005	0	0	6252	0	0	0	0	0	0	3332	768	0	0	3412	7914
Maricaulales	621	3440	3298	6063	1105	0	2868	11059	6880	0	9158	1446	573	2870	0	14433	7756	0	1525	779	12000	2741	3578	6167	1066	5586	2750	7754	872	4337	5163	7418	5161	0	10935	0	6536	7705	3438	10852	4868	5992	0	4112	18357	1396	895	4279	7530	6917
Marinilabiliales	1631	15855	14567	6881	3146	16212	9237	11835	8312	11061	5188	5714	25189	8059	6577	17425	17518	7610	4808	1732	35297	21062	4579	5735	4440	7608	10693	47779	1730	8855	6291	30894	6979	1063	15436	1781	10010	12307	54083	8952	12454	11570	14224	35008	14819	1733	11058	45842	5634	9041
Methylococcales	3156	15352	15805	20135	5056	40524	9518	45553	20976	5849	34638	4008	14914	9804	14580	37631	21252	9807	4350	3148	38131	19360	21809	11073	3537	25193	24170	24343	1935	9604	19925	25024	45201	5507	22077	1974	46685	45983	9469	41779	215993	12979	31674	28206	57977	5020	3328	37819	20550	24112
Micrococcales	33038	295633	201198	39419	19873	128804	156424	117252	90111	47469	85173	46084	71101	34134	85738	152151	113834	52716	49782	25817	222866	181711	39030	241861	47619	139456	130198	960174	44377	139589	358398	2172431	92361	12311	551906	11195	156405	107133	1566487	227695	774379	106031	245116	95521	104545	19712	39576	355269	64802	105878
Micromonosporales	67750	136477	27095	8500	1767	21745	24381	56548	139737	25981	362930	658732	68813	11281	625635	473777	65731	3268	817948	146156	3686721	29669	12572	44229	43181	389136	34232	354245	121515	3827922	102392	2394932	73980	3642	6351614	723	174725	322220	885351	25457	152429	1281147	99688	93813	68066	16688	30100	241078	30044	1827121
Micropepsales	537	0	4008	4546	0	16114	0	12387	4462	338	6676	0	0	0	0	7858	7046	0	0	0	3264	0	3709	8380	526	3312	0	2672	0	0	8103	6838	6458	0	0	0	0	13200	9315	8622	3001	3520	0	3495	24395	10864	0	3185	3986	3118
Motilibacterales	446	0	0	0	0	0	0	0	0	0	511	0	0	0	0	731	897	0	0	0	0	0	0	0	0	0	0	6999	0	0	0	7440	1252	0	10249	0	4367	0	5839	0	3103	0	0	0	2831	0	0	0	0	0
Myxococcales	34468	55763	98438	111894	12614	147805	44071	295158	190331	35017	203880	45715	206896	47941	58548	255308	159509	4815	63428	10375	477162	55235	62560	82634	36956	393759	68274	156192	24435	151992	118953	295863	187008	6237	357861	8631	59983	262003	151103	146213	70538	134231	26775	123442	264306	60802	18670	106843	265663	531384
Nakamurellales	2994	0	12368	0	0	0	0	3979	0	0	3368	1352	0	0	0	6406	4053	2864	1402	0	3778	0	0	3880	1069	3887	0	18025	766	4208	8114	46376	5334	319	9924	0	4954	3740	44687	0	80265	5643	8363	0	0	322	0	33173	0	2729
Neisseriales	9505	91730	84080	85709	7159	254430	47455	156956	59867	29965	151559	10470	35458	51657	51100	63099	38296	8302	9073	14409	67997	92750	123818	31811	9870	73024	166287	75014	4369	22030	81379	74591	180380	10272	70176	7634	55677	38372	16355	271182	101289	28842	24647	160302	295534	14284	8697	183779	69029	41720
Nevskiales	6264	21807	41277	62303	5453	76072	13333	71191	70361	10355	84775	5406	15980	18774	14048	61828	42588	1800	11810	4511	97585	28777	34744	28299	4940	46665	35940	85922	3888	15511	37588	38489	37987	2306	50972	2696	17995	29658	14573	84706	18454	26931	9467	45898	105039	9880	4632	32963	69476	48164
Nitrosomonadales	42442	185060	77053	93186	20870	391628	83595	210150	169623	41937	191869	52146	160168	113269	107941	192094	142947	10407	59974	42988	295961	180187	130359	43298	65136	138535	152064	158589	17850	68162	106434	113162	168956	15390	88127	12144	119036	228830	59642	246773	267235	121217	84945	162897	364407	19665	24606	183192	121258	110711
Nitrospirales	4016	3223	3382	4918	275	11300	0	58416	8696	320	8166	2049	5191	0	13893	59165	25375	4303	3422	804	22428	7680	4501	8888	12661	10272	6350	69205	1647	5047	8915	28710	9370	372	15610	0	308692	280950	10140	11261	42079	7026	13117	4459	16002	3827	274	20907	6747	22916
Nostocales	3840	41914	120523	10768	4335	15355	27453	48562	11724	12231	16827	9227	7503	146049	7231	51347	262086	2492	3702	1694	18977	73216	7715	1052105	2362	13336	36169	20202	2041	42845	21325	82147	16339	1245	12796	7613	6651	13619	57034	17331	11669	8194	9838	14991	38018	2587	1492	46844	39660	11367
Oceanospirillales	6575	36697	31232	34709	5411	54308	20175	71582	33937	13741	53383	8417	30832	17240	29664	58706	30578	5854	7786	7522	64450	39400	30239	19316	6545	54853	38021	45117	4118	19343	43301	81890	37377	3101	65291	3288	26985	31356	19088	57872	28470	33316	18244	47617	89283	9821	9263	65996	39405	46250
Oligoflexales	0	0	0	0	0	0	0	3780	0	0	0	1070	0	0	0	382	6193	0	0	0	0	0	0	0	0	0	0	3303	0	6020	0	39042	0	0	0	0	0	0	4604	0	0	0	0	0	3031	0	0	0	0	0
Opitutales	4018	6505	111486	35885	4526	31631	5199	58759	22817	4116	22106	14707	5041	7048	21428	25345	55014	1098	8319	2060	89413	8988	22585	27657	8837	25726	14179	51223	2036	74220	21641	65056	32234	1237	61602	2939	6019	25870	11863	149091	13563	11763	7302	13839	60884	3992	2243	27147	24074	78352
Oscillatoriales	6806	0	40069	6096	4498	10648	25897	360510	8181	14475	33298	53659	6735	1908585	10895	1340620	370724	3106	5088	1079	22154	13565	4699	163123	3245	6708	18108	16221	703	277963	5054	122217	7155	1761	8048	18590	3394	16862	1944460	11501	6503	5157	5975	13351	37234	3247	1313	348683	62019	8255
Parachlamydiales	0	0	0	0	0	0	0	0	0	0	0	0	0	0	0	372	3071	2626	0	0	0	0	0	0	556	0	0	0	0	0	0	0	0	0	0	0	0	0	0	0	0	0	5699	0	0	0	0	0	565	0
Parvularculales	0	0	0	0	0	0	0	0	0	0	3232	0	0	0	0	494	3235	0	0	0	2763	0	0	0	0	0	0	0	0	0	0	0	0	0	0	0	0	2901	0	3305	0	0	0	0	3570	376	0	0	3232	0
Pasteurellales	505	5689	6479	3563	1825	0	5593	3548	3760	3066	3142	1615	5033	529	381	5941	0	1871	1010	272	6517	7032	3069	0	1462	3615	3269	2690	973	545	429	0	3840	399	5349	1089	4168	4313	0	0	1513	3920	3964	8601	5861	1108	1897	10832	0	4218
Phycisphaerales	889	0	0	356	0	0	0	11526	3570	0	4701	1120	388	0	0	9489	7267	0	1013	0	7956	0	0	6206	572	5301	0	8999	376	6026	3548	8959	429	0	3754	0	0	5030	4393	0	0	4197	0	2669	9054	1263	0	3450	0	6240
Pirellulales	5109	17531	9532	13307	2155	17321	17863	59155	35408	6619	50422	19686	13809	10932	18038	80378	108290	3779	9727	2660	76396	10056	7761	24667	12235	31167	10393	102241	3980	74728	24926	84066	17973	1656	94050	1044	16831	33415	41193	22655	55842	37016	19831	24050	52126	6742	4251	39826	34765	38616
Planctomycetales	5129	11752	19240	21411	4826	24237	6695	64883	23590	5930	27289	10353	9719	11054	11899	62996	68513	3676	4358	1977	46125	12436	10515	52121	9094	18349	18902	67547	2672	36615	24781	61423	18904	2144	32288	2380	11546	25673	33064	59871	24740	22009	14560	20201	73701	6932	2429	33813	29097	27717
Pleurocapsales	0	0	0	0	0	0	0	0	0	0	0	706	0	8079	0	0	16472	0	0	0	3863	0	0	8835	0	0	0	0	0	3559	0	0	0	0	0	394	0	0	0	0	0	0	0	0	0	0	0	0	1051	0
Propionibacteriales	12119	55637	17744	10584	2594	18939	14026	74301	25896	9357	43176	15972	15262	11545	35985	76316	41256	14888	21861	6505	87385	24242	11946	25241	15345	38321	16212	440263	12440	62144	78500	839874	39702	4908	185149	1337	67742	56728	854301	27679	1000683	41116	47061	31373	49894	7917	3654	127278	19917	51868
Pseudomonadales	58658	760279	174369	553717	27154	247948	457730	305012	120582	159513	191278	46376	249211	65268	606386	168368	81565	196890	75480	55569	714429	1657903	451041	268883	28954	388591	597311	168852	45240	107620	373543	543597	175507	19542	168208	30941	130864	131113	368932	283258	596609	156899	772841	263515	292974	25996	80304	400447	148261	122618
Pseudonocardiales	8027	26093	28981	12104	2280	23142	9415	71982	29023	9480	46974	12774	11136	9809	17768	67925	45590	2893	20596	5291	87583	25378	15691	90169	7782	36436	35247	95626	6074	56558	34596	137985	35627	3463	180650	2155	46137	33175	137116	33689	78892	41231	14037	31658	48995	6304	3738	40800	24269	57654
Puniceicoccales	0	0	0	342	0	0	0	3468	0	0	0	0	0	0	0	0	1224	0	0	0	0	0	0	0	0	0	0	0	0	0	0	0	0	0	0	0	0	0	0	0	0	0	0	0	3069	0	0	0	0	0
Rhizobiales	179188	1471765	2657779	1207651	280869	1388556	762102	1714281	1077458	388691	2390497	397922	473497	648045	1330831	2500614	3332722	111715	246625	122775	2741399	1688480	754851	1937062	275693	1366229	1388389	3104385	200047	1568868	2737482	4668455	946869	99148	2625371	112565	1950063	1679115	2749564	3178018	2762034	1144465	1148118	979618	2794955	306018	138380	1604318	1798612	1192794
Rhodobacterales	31865	535263	95315	98013	20495	119171	250501	513893	172654	50995	276128	151683	384688	106542	254962	426542	203032	55874	63208	61173	577814	101756	65794	93827	111812	243168	84507	972367	64717	462501	198979	560367	232070	35023	1718396	9725	777826	756819	267879	197807	544767	311165	320048	254146	409584	40447	20182	647554	144787	222943
Rhodocyclales	25135	70222	63551	71391	11930	709642	53758	220291	85037	39003	191473	20617	55364	50074	162229	123617	177911	42889	23276	16478	259421	92291	107059	36327	27992	123902	126203	240751	8031	62087	119071	371773	315592	11654	380027	8129	176887	210208	90301	290049	424332	88285	140575	146744	405088	23505	12435	304710	99174	121238
Rhodospirillales	33712	204784	488400	359647	46825	536394	94768	589596	168608	79409	286000	47676	79441	102417	141627	364146	252632	35125	30953	27249	275902	270320	242069	733935	34852	187157	293407	388644	30959	169886	294913	430137	435181	30017	265211	21839	178746	366002	249831	691526	275151	159684	174331	261831	1463717	62558	21411	327781	286987	162530
Rickettsiales	1527	20551	16291	7905	2717	32772	12149	15027	7866	6161	794	2983	16093	6187	22158	12030	7158	2582	1211	2638	8280	13118	6097	4777	2014	3599	15407	22029	2233	6089	5111	13379	8606	2038	5588	1691	7299	4225	4777	11398	1581	9298	18453	10205	18900	1230	2065	12056	4590	3641
Rubrobacterales	429	0	0	0	0	0	0	0	0	0	0	0	0	0	0	5377	0	0	0	0	2917	0	0	0	0	0	0	3245	0	2986	365	3476	481	0	0	0	0	0	5296	0	4487	3968	0	0	0	0	0	0	0	0
Saprospirales	994	3442	0	4334	0	0	4182	9748	6149	0	808	2673	7588	3886	3349	28809	18102	1698	1551	922	13156	2942	0	8368	1704	3836	3369	40343	751	8074	0	29941	3618	0	15287	0	5345	11585	3311	4282	7528	4580	5634	3405	17570	437	341	3553	4824	3749
Selenomonadales	0	0	0	0	0	3922	0	0	0	0	0	0	0	0	0	501	1846	0	0	0	3517	0	0	0	0	0	0	6102	0	0	0	0	474	0	0	0	0	6681	5558	8385	2637	0	0	0	4730	414	0	3069	2003	0
Silvanigrellales	0	0	0	3043	0	0	0	5952	0	0	0	0	0	0	0	780	3163	0	0	0	0	0	0	0	0	0	0	0	0	0	0	0	2834	618	0	0	0	0	0	4904	0	0	0	0	19540	0	0	0	0	0
Sneathiellales	0	0	0	3145	0	0	0	0	0	0	0	0	0	0	0	360	3021	0	0	0	0	0	0	0	0	0	0	0	0	0	0	0	2858	0	0	0	0	0	0	3457	0	0	0	0	9315	0	0	0	490	0
Solirubrobacterales	4029	36382	4391	0	893	0	14584	31846	10331	6729	22107	8469	10291	2778	9123	35187	8636	2189	3882	4169	24872	4180	3186	9597	5193	10873	0	46686	4537	26845	25616	57475	14004	1282	20227	708	13576	16816	53431	5525	44617	36293	6724	23224	8854	2448	2548	28269	3664	13573
Sphingobacteriales	24791	584068	283893	89306	23685	87854	107143	151343	88584	63911	59584	40248	82665	154804	76942	266524	358080	28676	81915	19705	348893	1685200	103636	174275	41620	71772	291665	256937	26790	102936	342494	833506	75982	9605	94094	14693	117424	118781	328568	205170	111354	131864	171581	113067	269092	16469	21619	142831	125640	86096
Sphingomonadales	132954	3702398	736421	767905	67372	2260153	990605	1849968	1294690	485910	1122132	351447	578868	704513	1113056	1317483	996310	173996	223083	218529	1515804	2108968	627939	1592021	308943	1236651	1494973	1806110	324696	783267	1732029	4693491	857426	169033	2038959	104567	1126740	1010264	1370804	1503817	2064581	1065835	2321972	1790691	2899927	206461	203315	2712899	2012180	713204
Spirochaetales	0	0	0	5197	0	9101	0	7172	4358	0	7283	0	0	0	2742	5191	9565	0	0	0	26988	0	0	2577	0	5779	0	0	0	0	3612	0	8000	0	2823	0	0	16549	0	7641	3386	827	0	6203	24139	1626	0	0	13226	4057
Spirulinales	0	0	0	0	0	0	0	0	0	0	0	0	0	2783	0	0	4307	0	0	0	0	0	0	0	0	0	0	0	0	0	0	0	0	0	0	0	0	0	0	0	0	0	0	0	0	0	0	0	0	0
Streptomycetales	13911	77416	65249	30740	9416	66835	36587	89495	60254	415746	80618	33729	69998	98932	46939	104737	64850	14817	48268	12255	182512	62345	34161	48651	18587	68632	50223	144485	11858	131851	49273	200167	60113	8530	382124	6144	75934	59342	154562	59410	85903	88159	35766	99209	90096	11779	22776	119080	42095	118412
Streptosporangiales	6420	22710	23825	10110	1897	35551	7378	46477	25825	7521	40732	13852	12739	9495	17448	54241	33862	2554	19636	4662	94478	21228	14450	42830	6773	32345	17071	66467	4880	64552	26232	94643	37222	3804	173108	1915	35894	31596	71298	29831	41931	41112	10504	31272	42970	5806	3841	34713	20711	55830
Synechococcales	3045	9259	119363	11714	12170	26157	102534	79192	14568	14346	24607	10600	10956	306822	6442	34579	772855	3186	2997	2205	25035	18195	8601	242840	2464	12567	25330	35389	1335	50284	11131	28874	24427	2177	16846	20920	8241	16795	28442	33827	8518	8050	6405	25051	60202	4120	2135	27446	93841	13806
Syntrophobacterales	0	0	0	0	0	0	0	3111	312	0	0	0	0	0	0	401	3991	0	0	0	6290	0	0	0	0	3635	0	3045	0	0	0	3123	865	0	0	0	0	5217	0	0	7330	0	0	0	3539	981	0	0	0	5321
Tepidisphaerales	473	0	0	1756	0	0	0	0	9579	0	5815	962	0	0	2605	7610	7969	0	1504	0	4180	0	0	5108	574	3380	0	10039	0	4764	6343	18871	853	0	0	0	0	0	9845	3083	3691	5052	0	3968	5415	355	416	0	3781	4266
Thermales	0	0	0	0	0	0	0	0	3393	0	719	0	0	0	0	418	5258	0	477	0	4058	0	0	3860	0	0	0	0	0	0	0	0	0	0	0	0	0	0	0	0	0	0	0	0	0	0	0	0	0	2599
Thermoanaerobacterales	0	4948	7580	299	1548	0	4162	2964	0	4489	0	1616	4400	848	482	4837	0	1125	0	0	0	0	0	349	1053	341	0	0	838	303	410	0	530	310	3353	1047	244	2970	5115	0	2157	2886	339	8209	0	777	1038	3867	0	2568
Thermogemmatisporales	0	0	19741	0	0	0	0	0	0	0	0	0	0	0	0	0	0	0	0	0	0	0	0	3332	0	0	0	0	0	0	0	0	0	0	0	0	0	0	0	0	0	0	0	0	0	0	0	0	0	0
Thermomicrobiales	634	0	0	0	0	0	0	0	0	0	0	0	0	0	0	5605	0	0	0	0	0	0	0	0	546	0	0	12485	0	0	0	8505	0	0	0	0	0	3188	7136	0	5354	520	0	0	0	0	0	3222	0	588
Thiotrichales	1623	7362	7428	10561	1403	19188	4489	18647	11456	408	15810	2111	6810	5912	5893	15090	12378	629	2302	1546	18402	8370	9450	6060	2194	13555	10042	12963	926	4999	8975	11568	11330	936	13587	794	9147	9216	4099	20611	11720	7309	4175	11337	28779	2320	1339	11464	11980	10688
Tissierellales	0	3577	3602	0	1233	0	2695	0	0	0	0	696	3186	0	0	0	0	1060	0	0	0	0	0	0	560	332	0	0	458	0	0	0	0	0	2738	855	0	0	0	0	0	0	280	0	0	275	999	3254	0	0
Vampirovibrionales	0	0	0	0	0	0	0	6545	0	0	0	0	0	0	0	8417	0	0	0	0	0	0	0	0	0	0	0	0	0	0	0	0	0	0	0	0	0	0	0	0	0	0	0	0	49629	0	0	0	0	0
Verrucomicrobiales	8598	37308	23073	26405	6683	30411	8460	81522	32228	7749	49614	17067	13759	9845	51563	166702	50049	7892	14102	7998	92664	20675	19887	34161	16347	49462	22247	234886	5329	61495	62977	174988	32112	3055	42069	1312	12711	53886	55417	50843	42150	48549	39881	26251	108730	13466	3679	60736	25258	61430
Vibrionales	3505	40740	39681	10356	8824	23946	23016	26810	13634	11183	11806	9295	29737	7992	11027	25505	8773	19658	11698	2788	47877	26416	9751	7293	7488	25208	19590	32962	4219	17029	9408	41119	11990	1891	45271	5300	18806	18708	31040	18479	14772	18906	26515	44036	29933	4398	20684	101465	9044	23499
Xanthomonadales	25610	1180566	132301	207583	20909	275620	66421	229978	107457	91802	220228	28638	51821	59130	110170	155226	82393	18037	31333	38951	215182	3820590	164482	544192	21993	187437	940202	197645	26160	110899	2731318	405141	151570	9453	270899	11039	186199	161375	371684	275671	182953	176543	135037	203559	304507	22277	19025	269176	147918	110416
