ordem	AGR1	AND1	ARG1	ARG2	ARG3	AVE1	AZE1	AZE2	BIL1	CAB1	CAN1	CasM1	CAV1	CAV2	CBR1	COV1	ERM1	EST1	EST2	FER1	FERRO1	FOR1	GER1	HOM1	LAB1	LAM1	MACE1	MACI1	MOU1	NES1	OLI1	PON1	RAB1	RAB2	ROD1	rPON1	SAL1	SAN1	SEL1	SOU1	TAve1	TAve2	TOJ1	VEI1	VEZ1	VEZ2	VEZ3	VIL1	Vilc1	VIZ1
Acrospermales	801	0	1908	1339	0	5231	1300	0	0	2765	0	0	0	1149	1759	0	0	0	0	0	0	3028	865	1421	0	0	2831	0	0	0	0	0	0	0	0	0	0	0	0	0	2036	0	0	0	0	0	0	0	1134	0
Agaricales	2236	13727	13678	29063	2054	17317	9114	7711	16815	12430	1967	11878	2086	7555	15450	5265	86472	1811	977	1486	5494	14144	6398	16373	1184	4569	18499	5634	1271	4573	4064	5721	4584	1279	4687	3405	1720	4234	3815	2250	10238	2575	4138	6863	10230	17122	1003	1709	4551	7395
Aulographales	1695	9009	7470	7502	822	25478	5748	3304	5081	6604	814	6277	1134	4474	8946	1191	0	750	329	618	2100	15854	4130	5119	279	3730	13900	13854	570	1266	3019	4232	1635	447	2478	0	799	1616	0	957	7933	3147	2106	6689	3880	4571	494	686	5871	2325
Auriculariales	0	0	0	0	0	0	0	0	0	0	0	11525	0	0	0	0	0	0	0	0	0	0	0	8529	0	360	3556	0	0	0	0	0	0	0	0	0	0	0	0	0	0	0	0	0	0	0	0	0	0	0
Boletales	248	0	2068	1350	0	2873	1105	0	1027	1061	0	1665	0	0	2763	1160	1724	299	0	0	0	1943	0	2968	0	0	2682	0	0	0	0	0	0	0	0	0	270	0	0	0	0	0	0	1209	0	3140	0	0	0	0
Botryosphaeriales	4057	14325	17672	11418	1704	48699	11135	7318	8665	20257	2008	11189	1899	9348	15648	2217	976	1114	719	1440	4002	62188	7626	10196	461	4598	28679	13381	1231	2614	7072	6749	4645	1171	3398	1689	1732	4092	2771	1354	17295	4977	3437	7011	10826	11035	979	1118	9064	6939
Caliciales	0	0	0	0	0	0	0	0	0	1572	0	0	0	0	0	0	0	0	0	0	0	0	0	0	0	0	0	0	0	0	0	0	0	0	0	0	0	0	0	0	0	0	0	0	0	0	0	0	0	0
Cantharellales	1681	23734	7864	9389	2040	10917	10217	10090	9820	15629	1953	12437	2875	16099	9554	10323	13508	2321	1243	1915	4368	17984	6761	18572	1404	5085	22227	4107	1799	3337	2226	14004	10830	3514	5242	4242	1507	7176	21989	3737	19874	2336	7192	9535	12274	75974	1059	1967	10763	22552
Capnodiales	724	6023	5335	1842	668	21235	5087	0	1536	3466	0	2125	575	2893	2849	2334	0	865	0	343	0	14231	1985	1713	538	1487	9989	21211	774	0	2780	5760	1418	332	3726	0	557	757	0	814	5218	1335	1227	5359	1785	0	284	321	2129	3013
Ceraceosorales	0	4741	0	0	0	0	0	0	0	0	0	0	0	0	0	1228	0	0	0	0	0	0	0	0	0	0	0	0	218	0	0	0	0	0	0	0	0	0	0	0	0	0	0	0	0	0	0	0	0	0
Chaetothyriales	6647	29338	35427	18063	3244	75279	30148	15344	14480	28210	4953	17048	2781	13487	24968	6231	5020	2442	1356	2430	20734	51791	17855	32750	625	18764	43269	21697	3320	4283	12686	13189	8354	1742	12969	3598	2836	6521	4361	9295	34793	9453	7172	18095	16128	23958	2138	2400	12677	11485
Chytridiales	288	0	3974	5037	512	0	1026	4051	1467	1578	2329	3051	968	0	0	4898	3198	0	0	463	0	0	7521	1167	0	2073	3540	4745	477	1879	1940	0	12742	967	0	0	1011	695	0	1075	7336	0	1166	0	2200	8272	519	0	2209	6090
Cladosporiales	1359	11701	7980	2788	1651	24659	10200	2261	2183	8071	1054	2723	1641	6487	7372	5490	0	2078	638	895	2173	49115	3564	3301	2082	5639	26016	97299	1274	2036	9701	21328	3575	634	10672	1203	1531	1741	0	3310	7295	4100	1686	14667	2396	3127	332	643	2586	8344
Coniochaetales	4346	21325	11953	12125	3910	90694	16254	13297	9711	41361	2598	5764	1274	7421	33134	0	0	727	550	3842	2266	18331	8430	7949	288	9032	30698	2995	1280	2436	8636	0	7830	1516	2525	1512	2566	3897	1729	0	24596	3860	1882	3747	32387	21667	1073	968	5947	5436
Dacrymycetales	283	3199	2062	1378	522	0	2153	0	1459	2242	0	2117	558	2702	1104	955	0	626	535	408	0	2641	1062	1010	383	775	2170	0	370	0	0	0	1164	347	0	0	339	963	0	0	0	965	0	1356	3088	0	226	401	0	3193
Diaporthales	27839	289501	283490	124409	16590	436875	370355	93558	309260	1837116	84673	79310	12748	154160	50973	11443	1392	12086	3071	49440	7363	315077	249248	47434	556	224646	947182	9385	31038	26479	305831	6057	324156	59104	18455	17561	57973	52118	4323	1574	113313	16289	21068	105991	521113	274176	3576	1994	9376	213752
Diversisporales	418	4691	5728	1396	1061	6099	3172	2310	1386	2116	0	2825	941	3077	2987	1296	0	1325	733	390	2385	3107	1423	1149	734	1270	2592	3383	573	1463	741	2429	1565	364	2465	1442	637	1831	1357	1895	0	1283	1600	3098	4367	0	408	870	0	4450
Dothideales	20258	45661	81922	16375	4429	36871	54167	13570	6691	167209	5799	78961	4093	10437	39133	36222	1389	30818	33352	3575	6346	157588	14955	54622	928	19958	374955	29298	5380	7464	38631	97463	15806	6286	17107	11452	23926	10350	8448	1871	15686	33370	5231	47788	18871	43247	3604	1112	5509	30205
Endogonales	0	0	0	0	0	0	0	0	0	0	0	0	0	0	0	0	0	0	0	0	0	0	0	1261	0	0	3243	0	0	0	0	0	0	0	0	0	0	0	0	0	0	0	0	0	0	0	0	0	0	0
Entylomatales	0	5278	0	0	0	0	0	0	0	0	0	0	0	0	0	1972	0	596	0	0	0	0	0	0	1058	0	0	308604	0	0	0	33825	0	0	0	0	0	0	0	1907	0	0	0	797	0	0	0	0	0	7135
Eremomycetales	436	0	1906	1876	0	6873	1151	0	0	1394	0	0	0	1192	2420	0	0	0	0	0	0	3073	1026	1484	0	0	2742	0	0	0	0	0	0	0	0	0	0	0	0	0	2472	0	0	0	0	0	0	0	1720	0
Erysiphales	8905	27038	20267	25936	2843	24346	19208	19652	10772	22247	2572	18139	3200	11844	36653	1227	1499	1503	1391	2782	9099	28568	13080	9055	712	5168	20639	11114	1223	6501	5418	5851	4851	1490	2120	3743	2724	8927	6827	7887	29968	2294	5881	5990	17209	22585	1576	3387	14044	8992
Eurotiales	18214	61026	88056	54460	7935	216607	46862	39866	35327	67957	8098	41472	7848	35929	76201	9169	5797	4440	2956	7053	20278	178931	35693	38278	2042	18818	106415	135511	4457	13102	27256	22140	24195	4401	13352	8807	9090	20211	14028	7231	85129	16373	14464	25327	47058	80857	4342	5760	33280	62968
Exobasidiales	1150	67131	0	8380	0	0	1903	1819	5028	2173	1068	1260	632	1397	0	17040	0	920	0	0	0	8577	1160	0	0	5718	4887	0	1564	0	531	0	0	257	0	0	0	2869	0	0	2767	0	4596	1607	0	4323	244	0	0	5296
Filobasidiales	0	0	0	0	0	0	0	0	0	0	0	0	0	0	0	520	0	0	0	0	0	0	0	0	0	0	0	0	0	0	0	0	0	0	0	0	0	0	0	0	0	0	0	0	0	0	0	0	0	0
Georgefischeriales	0	2181	0	0	0	0	0	0	0	0	0	0	0	0	0	707	0	0	0	0	0	0	0	0	0	0	0	0	0	0	0	0	0	0	0	0	0	0	0	0	0	0	0	0	0	0	0	0	0	0
Glomerales	1699	25844	32405	3312	7642	4547	19647	10198	4760	5840	1082	15309	8389	13330	2941	4345	1301	6941	3386	1430	13814	16682	2776	3249	7960	5177	9263	7611	4155	8760	1584	11760	4662	920	18060	8816	4280	11719	9811	14538	4053	5295	12022	12325	31614	5913	3843	7359	1280	23271
Glomerellales	10271	44131	45885	28292	6025	273090	50608	24508	28289	107453	7883	17382	4056	21992	54985	9945	2293	4121	1509	6527	7135	166366	22506	18736	1143	18369	85725	35626	12992	7738	22519	10315	21284	4094	8584	4588	6555	16395	6131	4868	47883	17392	6133	12162	56582	40085	2715	2367	14054	19273
Harpellales	0	0	0	0	0	0	0	0	0	0	0	0	0	0	0	0	0	0	0	0	0	0	0	0	0	0	0	0	0	0	0	0	0	193	0	0	0	0	0	0	0	0	0	0	0	0	0	0	0	0
Helotiales	570631	1284001	1353618	1605647	162955	664824	973078	1072048	605772	119013	83395	991476	155450	416966	2232047	23345	90916	99104	68702	141638	544658	2289310	794829	525153	19372	157674	1075086	65187	52721	380442	121694	216926	100361	50358	57475	206874	174642	510819	430598	9891	1734779	51406	255601	241488	702215	1197408	90673	215888	906325	472039
Hymenochaetales	0	0	0	0	0	0	0	0	0	0	0	1160	0	0	0	0	0	0	0	0	0	0	0	2273	0	0	1813	0	0	0	0	0	0	0	0	0	0	0	0	0	0	0	0	0	0	0	0	0	0	0
Hypocreales	22157	89709	91104	60365	11394	3465024	75344	57604	56505	179109	12743	39440	8513	43438	154668	10872	7587	12515	3684	13128	21257	192685	43200	46995	3588	34286	156300	215223	6433	16465	41541	25573	37877	7483	20240	15297	11368	26292	26360	12126	105933	31449	13342	27739	183022	105984	8149	5199	38534	73104
Lecanorales	1017	4540	4576	3146	569	14507	2939	2397	2333	4159	0	2590	594	2921	4015	0	0	277	0	411	0	13346	2298	2905	0	0	6354	0	339	0	2559	0	1118	373	0	0	400	1013	0	0	6732	0	1044	1846	2624	3051	281	320	2026	0
Leucosporidiales	0	0	0	0	0	0	0	0	0	0	0	0	0	0	0	0	0	0	0	0	0	2408	0	0	0	0	0	0	0	0	0	0	0	0	0	0	0	0	0	0	0	0	0	0	0	0	0	0	0	0
Lineolatales	392	0	0	1070	0	5188	0	0	0	1071	0	0	0	0	1540	0	0	0	0	0	0	2582	0	1304	0	0	2278	0	0	0	0	0	0	0	0	0	0	0	0	0	0	0	0	0	0	0	0	0	1117	0
Magnaporthales	2419	12390	9046	7118	1822	42949	10031	6631	7245	32768	1775	4041	876	5187	15173	0	0	461	298	2107	0	12620	5704	5397	258	5374	21719	3248	786	1699	6336	0	6020	1169	2123	1343	1617	2192	1516	0	13687	4306	1284	2850	16868	11597	583	512	3088	4173
Microascales	1427	6893	6555	4187	993	42291	5467	3674	3817	15649	1040	2894	632	3114	8649	0	0	351	0	1016	0	8935	3036	3370	0	2787	11071	3024	421	955	3374	0	2977	631	1813	0	812	1618	0	0	7443	2296	950	1817	8177	6559	432	323	2043	2563
Microbotryales	0	0	0	0	0	0	0	0	0	0	0	0	0	0	0	0	0	0	0	0	0	1928	0	0	0	0	0	0	0	0	0	0	0	0	0	0	0	0	0	0	0	0	0	0	0	0	0	0	0	0
Microstromatales	3880	32382	0	4963	230	0	769	20336	27309	28279	1356	10107	0	858	0	4402	0	1176	0	240	0	4317	0	0	0	1126	2629	0	6299	0	16494	3548	1156	1183	0	2771	1226	1751	1643	0	0	1350	9478	4704	46007	80590	621	0	0	68085
Microthyriales	1181	3062	5012	18444	1394	37706	2734	2572	5838	2167	1858	34665	1573	5372	28504	0	904	0	433	895	0	4866	2325	12879	0	0	5804	0	233	1413	3478	0	662	0	0	0	215	0	0	3396	13628	12329	3980	1815	4625	4754	523	1092	11846	0
Mixiales	0	0	0	0	0	0	0	0	0	0	0	0	0	0	0	935	0	0	0	0	0	0	0	0	0	0	0	0	0	0	0	0	0	0	0	0	0	0	0	0	0	0	0	1232	0	0	0	0	0	0
Monoblepharidales	676	0	0	34178	862	2892	0	3024	0	1614	16020	5450	663	852	0	14713	8157	0	0	0	42127	0	0	0	0	59367	0	6398	621	1231	1426	0	4829	258	54630	78008	298	4333	3596	645	3164	1487	1907	1954	0	6115	4972	1787	13927	13268
Mortierellales	509	3500	4656	2390	648	2958	1942	3937	1636	1632	1747	2938	887	2608	1716	1576	3001	725	317	374	2431	3290	2789	2212	406	1691	3739	2737	455	1617	1347	2344	3015	518	1957	1735	607	1467	1985	2139	3243	1114	1447	2445	2976	4769	504	567	2101	3849
Mucorales	808	7037	6953	4028	1081	7411	3472	6783	2944	2952	4369	5071	1292	4016	2948	3590	3716	1211	500	1021	4208	9891	4810	3527	801	3239	6514	4707	795	2468	7571	5441	5660	870	3510	2289	918	3331	3140	4316	6453	3043	2591	3016	6824	8858	715	959	3797	6998
Mycosphaerellales	14380	164907	204197	167700	23320	2842687	213919	46435	202473	101163	21596	38079	34729	482934	86380	197620	4853	42089	3624	7766	23150	285324	173114	33622	13723	76302	355630	298647	35267	21872	162201	247986	91801	12166	79545	20473	12506	40733	9753	12157	412163	24113	49072	257288	37642	39128	6908	17533	207981	118315
Myriangiales	2128	31930	41747	6001	2590	25323	171947	18964	18250	19745	1972	31363	1677	6163	6112	4336	0	14601	628	901	2068	24602	6924	4551	352	4433	34136	14009	2229	3285	7226	12902	4462	1803	26370	1444	1263	8164	5059	908	8568	2007	2495	207367	9354	9230	2099	690	3347	7754
Mytilinidiales	2411	6351	9354	6353	811	23809	5037	4014	4650	4647	815	6074	1637	4881	8148	0	0	641	445	620	3317	12115	4004	5862	0	1521	11265	4163	510	1545	2401	2667	1473	377	0	0	781	2181	1742	0	10343	2487	2361	2674	4186	4899	542	760	6207	0
Neocallimastigales	0	0	2781	764	309	0	0	0	0	0	0	0	419	0	0	0	0	268	0	0	0	0	0	0	0	0	0	0	234	0	0	0	1328	221	0	0	300	0	0	0	0	0	0	0	0	0	0	0	0	0
Onygenales	2544	9423	13740	7895	1302	26750	7452	5682	6287	10830	1464	7152	1297	7466	11181	1139	0	703	455	1119	3049	17366	5153	6983	271	3136	16762	5946	741	1766	4653	3439	3296	657	2363	1244	1207	2719	1843	0	13030	2673	2222	4048	6841	7903	636	874	5274	3089
Ophiostomatales	2486	12953	9941	7727	2022	54548	10203	7302	7496	28921	1879	4638	879	5643	17347	0	0	504	308	2108	0	14242	6039	4845	0	5496	22016	2127	788	1614	6062	0	5682	1067	1936	1113	1720	2489	1325	0	14662	2721	1509	2871	17289	12757	675	606	3726	4149
Orbiliales	920	3921	4847	2832	456	11164	3240	2537	2176	7993	1089	3177	430	2132	4193	0	0	0	0	455	0	8427	2239	3389	0	1962	10993	0	351	774	2286	0	1899	395	0	0	447	1035	0	0	4802	0	914	1765	2866	4123	253	278	1810	0
Patellariales	512	0	2018	1665	0	6088	1232	0	0	1275	0	0	0	1578	1846	0	0	0	0	0	0	3600	0	1723	0	0	3295	2165	0	0	0	0	0	0	0	0	0	0	0	0	2059	0	0	0	0	0	0	0	1525	0
Peltigerales	0	0	0	0	0	3872	0	0	0	0	0	0	0	0	0	0	0	0	0	0	0	0	0	0	0	0	0	0	0	0	0	0	0	0	0	0	0	0	0	0	0	0	0	0	0	0	0	0	0	0
Pertusariales	0	0	0	0	0	3015	0	0	0	0	0	0	0	0	0	0	0	0	0	0	0	0	0	0	0	0	0	0	0	0	0	0	0	0	0	0	0	0	0	0	0	0	0	0	0	0	0	0	0	0
Pezizales	1756	6489	9065	5470	901	12107	4972	4160	3621	7580	941	5191	877	4424	7704	0	0	566	307	734	2119	17028	3353	3951	0	2124	9804	3363	479	1448	2773	2418	2266	533	0	0	796	1974	1525	0	7986	1584	1607	2573	4214	6011	505	691	3311	2321
Phaeomoniellales	442	2282	3477	1378	0	5508	1285	0	0	2081	0	0	0	965	1726	0	0	0	0	0	0	3578	1049	1567	0	0	4271	0	0	0	2871	0	4714	474	0	0	0	474	0	0	3019	0	593	0	0	2492	0	0	0	0
Phaeotrichales	477	0	2382	2608	248	18431	1355	0	1656	1221	0	4471	384	1296	4215	0	0	0	0	0	0	2679	970	2193	0	0	2970	0	0	0	0	0	0	0	0	0	0	0	0	0	3029	1729	840	0	0	0	0	313	4872	0
Pleosporales	43201	104709	107252	50922	7936	202123	77548	40770	43961	110136	17292	67546	69805	99642	72491	78977	35854	55842	20694	14088	174234	142557	54115	75037	17545	36291	236541	1028912	17076	77228	78759	516974	35283	7289	50014	19229	16871	114906	73698	126157	73338	149238	32875	198429	59090	49496	6498	9721	41743	47835
Polyporales	829	11255	10519	2466	2880	7166	7361	3999	2602	5096	0	8907	1854	3595	5855	2878	3016	2820	1411	778	5378	5951	1541	5805	1957	2957	6915	2819	1720	3427	1423	4761	2525	484	6544	3369	1564	4214	3654	1857	2737	1590	4673	6282	8748	7167	1325	2792	1038	9362
Pucciniales	2971	124028	42560	5259	21737	2899	75066	55981	3844	1641	0	3653	12452	362502	1238	280463	0	2250	469	25172	88176	23215	12278	3943	56686	1084	7744	7048	13832	23361	919	235316	1266	14162	29041	4520	18100	16906	1623	0	8862	4740	45160	108848	67164	25421	1248	27802	3223	24316
Rhizophydiales	0	0	2372	1677	0	0	0	0	0	0	0	0	0	0	0	1086	2961	0	0	0	0	0	2199	767	0	0	2272	0	0	0	0	0	3360	313	0	0	317	0	0	0	1905	0	0	0	0	2575	0	0	870	0
Russulales	0	0	0	1126	0	0	0	0	0	1029	0	1385	0	0	13062	0	0	0	0	0	0	0	0	2510	0	0	2310	0	0	0	0	0	0	0	0	0	0	0	0	0	0	0	0	0	0	11385	0	0	0	0
Saccharomycetales	1760	9276	11975	5863	1990	16835	6297	6762	3726	4731	1857	7768	1778	6181	6653	3253	2884	1961	795	911	5237	9941	3985	4079	1196	2766	9424	5483	1054	3512	2577	5757	3944	974	5244	2982	1433	3897	3414	4121	8100	2541	3438	4868	7562	9365	1036	1599	3786	6650
Sebacinales	0	0	0	0	0	0	0	0	0	0	0	618	0	0	0	0	0	0	0	0	0	0	0	2771	0	0	0	0	0	0	0	0	0	0	0	0	0	0	0	2407	0	0	0	0	0	0	0	0	0	0
Sordariales	8446	43668	26134	22768	8882	203416	30931	27015	16292	67400	4630	10306	2389	12807	73265	1587	1495	1306	991	8317	4411	32685	15340	11440	598	16703	53040	5274	2653	4793	13778	3059	12933	2533	5136	2786	4525	7375	2690	2121	49873	7069	3768	6908	69281	44560	1905	1753	11391	9182
Spizellomycetales	0	0	2855	2355	318	0	0	2499	0	1125	1422	0	620	0	0	1417	3641	0	0	0	0	0	3213	1027	0	1058	1924	1975	232	0	1039	0	5871	480	0	0	514	714	0	1405	2702	1136	0	0	0	3989	375	0	833	2192
Sporidiobolales	251	0	1798	0	0	0	0	0	0	1801	0	663	0	0	0	1053	0	504	0	0	0	4683	2476	972	288	0	3892	0	0	0	0	9624	0	0	0	0	0	0	0	1009	0	0	0	3164	0	0	0	0	0	0
Synchytriales	0	0	5615	4261	592	0	0	0	0	1342	4673	0	420	0	0	0	3027	0	0	0	0	0	2008	1084	0	974	0	0	0	0	1410	0	3734	312	0	0	1571	0	0	0	5392	0	0	0	0	4086	265	0	1762	0
Taphrinales	610	6025	21658	8032	1665	6575	5832	0	3060	4681	785	2500	638	3685	0	1406	0	2220	0	314	0	4818	11770	718	0	2446	19890	0	1122	0	1445	14927	2655	1232	3105	0	544	0	0	0	2848	0	2114	6528	3658	3211	339	0	0	5793
Tilletiales	0	2970	0	0	0	0	0	0	0	0	0	0	0	0	0	1196	0	0	0	0	0	0	0	0	0	0	0	0	0	0	0	0	0	0	0	0	0	0	0	0	0	0	0	0	0	0	0	0	0	0
Togniniales	1747	10251	6145	5393	1468	40301	8619	5481	6672	31467	1540	3024	538	4132	11400	0	0	387	0	1726	0	10351	5481	3138	0	5111	20138	0	632	1080	5792	0	5782	1098	0	836	1509	1529	0	0	10246	2160	907	2209	16021	9994	472	361	2218	3660
Tremellales	1111	15893	18829	2677	1125	3710	12379	3623	1807	4859	0	4154	1014	2795	2151	12082	0	4332	0	1075	2010	10942	5897	4185	767	5360	9485	9499	1618	1045	2655	21239	1759	860	4448	1323	535	1473	961	2033	2918	3004	1788	27552	3580	4955	397	597	965	6343
Trichosporonales	0	2092	2119	0	0	0	1563	0	0	945	0	0	0	0	0	1581	0	567	0	0	0	0	0	0	0	969	0	0	256	0	0	2577	0	0	0	0	0	0	0	2538	0	0	0	2789	0	0	0	0	0	0
Trypetheliales	606	2396	3532	1912	335	7867	1829	0	0	2130	0	1880	0	1499	2541	0	0	0	0	0	0	4660	1135	1593	0	0	4390	2715	220	0	0	0	0	0	0	0	323	632	0	0	3094	0	0	1544	0	0	0	0	1537	0
Umbilicariales	1103	3019	3928	3287	499	4960	2299	2088	1782	1344	0	2407	373	2118	4446	0	0	0	0	357	0	5526	1863	2649	0	0	5060	0	230	741	2136	0	0	0	0	0	357	1066	0	0	5022	0	758	0	1961	2679	260	280	1953	0
Ustilaginales	353	12004	0	1922	0	0	1049	0	1496	1075	0	979	0	0	0	6883	0	437	0	0	0	3129	0	1422	410	1427	2247	4058	487	0	0	2448	0	0	0	0	255	0	0	820	0	2071	1250	1425	0	0	0	0	0	2179
Venturiales	22237	160519	554636	154940	3648	272969	86824	157021	248334	26981	8689	168554	114789	290175	35710	2556	2795	11259	1757	1457	135684	76907	25680	24678	1101	24996	289433	34488	18485	15028	33536	69552	18770	3883	46340	29190	8094	34691	6433	2869	149806	11059	251867	100538	134306	33358	24335	40379	80270	24187
Verrucariales	578	0	2973	1794	322	5220	1735	0	0	1490	0	0	0	1476	2705	0	0	0	0	0	0	4137	1333	2462	0	0	3293	0	0	0	0	0	786	0	0	0	317	589	0	0	3062	0	0	0	0	0	0	0	1274	0
Violaceomycetales	0	3747	0	0	0	0	0	0	0	0	0	0	0	0	0	1185	0	0	0	0	0	0	0	0	0	0	0	0	0	0	0	0	0	0	0	0	0	0	0	0	0	0	0	0	0	0	0	0	0	0
Wallemiales	0	0	0	0	0	0	0	0	0	0	0	0	0	0	0	0	0	0	0	0	0	0	0	0	0	0	0	2332	0	0	0	0	0	0	0	0	0	0	0	0	0	0	0	0	0	0	0	0	0	0
Xylariales	17122	69357	69001	46436	10177	269021	68033	38509	38183	151342	10013	24308	4738	28248	81591	2867	4054	9410	2282	10728	10315	162597	35653	59444	964	27520	211311	19611	5761	9641	55383	9120	30633	5495	19284	6694	10132	22510	10714	3247	152958	188014	7857	18634	95666	60084	10121	3143	24856	24893
Xylonales	523	0	3204	1567	291	4121	1477	0	0	1706	0	0	0	1489	2300	0	0	0	0	0	0	4009	875	1669	0	0	3729	0	0	0	0	0	0	0	0	0	0	599	0	0	2728	0	0	0	0	0	0	0	1081	0
Zoopagales	0	0	0	0	0	0	0	0	0	0	0	0	0	0	0	0	0	259	0	0	0	0	0	0	0	0	0	0	0	0	0	0	0	0	0	0	0	0	0	0	0	0	0	0	0	0	0	0	0	0
																																																		
