code	lat	lon	Slope	Altitude	qbr	ihf	shadow	COD	DIN	P-PO4	ph	cond	Tmax	DOmin	mean_light	%Artificial(500m)	%Agriculture(500m)	%Pasture(500m)	%Natural(500m)	LUI_500m	mean Depth	mean Velocity	Width	Discharge	Buff 
AGR1	41.52748	-8.32342	6.13573	163.33	70	60	95	2.5	1.606	0.68	6.14	111	22.604	7.419	8.980770847	0.24	0.404	0	0.356	2.41	9.0	0.096	2.8	0.024	6.59
AND1	41.57003	-8.17692	11.17729	194	80	51	80	2.5	1.006	0.57	6.33	53	21.248	8.166	3.854040401	0.0028	0.2584	0	0.6668	0.79	10.6	0.145	2.0	0.031	16
ARG1	41.83551	-8.72353	7.25118	610	70	36	0	2.5	0.303	0.03	5.19	36	13.916	9.103	393.4985125	0	0	0	1	0.00	18.5	0.083	2.1	0.032	0
ARG2	41.834804	-8.732674	1.35394	449.45001	85	58	70	2.5	0.227	0.24	6.47	33	19.273	7.424	20.98384527	0	0	0	1	0.00	35.0	0.007	2.6	0.006	20.25
ARG3	41.839571	-8.701118	13.52622	500	50	55	20	2.5	0.517	0.07	6.1	39	22.648	4.114	34.60674863	0.1044	0.118	0	0.7776	0.88	21.2	0.077	2.4	0.038	6
AVE1	41.6029	-8.04835	18.03706	630	75	60	20	2.5	0.216	0.04	6.01	20	21.79	8.012	6.579523919	0	0.1176	0	0.7544	0.35	13.0	0.047	2.2	0.013	24.75
AZE1	41.876177	-8.372509	1.01098	109.68	55	53	10	2.5	0.407	0	6.52	32	23.232	7.761	50.13646505	0.0828	0.5212	0	0.3388	1.98	33.2	0.211	6.0	0.420	84.85
AZE2	41.861703	-8.411259	0.73265	49.81	70	48	60	16.32	0.526	0.29	6.34	42	22.71	8.358	21.04899931	0.3824	0.2628	0	0.3548	2.70	35.8	0.193	7.8	0.538	19.35
BIL1	41.818333	-8.248678	9.67831	572.60999	65	62	90	2.5	0.026	0.02	6.78	24	19.197	8.268	33.87118909	0	0.022	0	0.978	0.07	10.4	0.065	2.0	0.013	178.75
CAB1	41.721487	-8.032822	0.0836	279.98001	70	45	5	2.5	0.206	0.06	6.31	20	23.028	7.682	191.7600631	0	0.6376	0.0016	0.3608	1.91	22.4	0.047	12.6	0.147	5.99
CAN1	41.634444	-8.130556	20.49075	370	75	66	70	2.5	0.317	0.1	6	100	20.22	8.368	11.71997425	0.2812	0.25	0	0.4688	2.16	24.4	0.081	5.3	0.105	48.9
CasM1	41.59237	-8.50571	3.22284	35.29	60	51	100	17.92	1.415	0.18	6.68	84	19.304	8.201	12.65310743	0.134	0.3112	0	0.5548	1.60	35.9	0.186	2.2	0.150	6.75
CAV1	41.825217	-7.818163	0.16351	919.87	60	59	50	6.57	0.247	0.22	6.61	84	22.117	6.25	7.030590794	0	0.2912	0.1524	0.5564	1.03	29.6	0.028	9.0	0.074	5
CAV2 	41.815453	-7.846727	0.17188	899.90002	95	72	60	6.75	0.236	0.12	6.72	57	20.301	6.88	25.18996426	0	0.184	0.2416	0.5744	0.79	25.6	0.226	7.0	0.405	57.68
CBR1	41.940218	-8.414113	9.94009	112.61	85	64	25	2.5	0.316	0.41	7.05	79	25.055	7.505	32.18665323	0.1092	0.2896	0	0.4976	1.41	48.8	0.091	11.4	0.503	13.55
COV1	41.51363	-8.58087	1.90952	37.24	10	32	15	2.5	3.357	0.115	6.46	159	23.012	6.048	69.94606298	0.5496	0.4504	0	0	4.10	54.8	0.026	4.5	0.065	4
ERM1	41.811499	-8.258769	19.28547	393.32999	85	57	5	2.5	0.226	0.1	6.41	28	24.555	7.2	67.63977704	0	0	0	1	0.00	42.0	0.049	6.1	0.126	3.25
EST1	41.52689	-8.43569	0.86571	149.10001	45	46	20	7.08	2.821	0.42	6.87	227	26.332	4.911	31.50415908	0.3044	0.186	0	0.5096	2.08	28.8	0.323	4.0	0.368	92.5
EST2	41.570392	-8.365409	0.85986	218.78	35	48	65	2.5	1.789	0.16	6.8	130	19.648	6.27	21.26462229	0.384	0.3708	0	0.2452	3.03	4.8	0.054	1.3	0.003	6.75
FER1	41.41089	-8.13893	1.04379	450.95999	50	59	70	2.5	0.877	0.16	6.75	78	17.864	8.555	0.784496087	0.0204	0.1348	0	0.8448	0.51	63.8	0.100	5.0	0.319	21
FERRO1	41.42499	-8.18974	0.46282	229.71001	50	56	70	2.5	1.247	0.14	6.71	120	20.988	7.378	64.75220852	0.2536	0.5148	0	0.2316	2.81	9.8	0.216	5.0	0.106	6.4
FOR1	41.79781	-8.13241	17.62706	685.85999	95	63	70	2.5	0.027	0.1	6	175	17.561	8.835	35.56853678	0	0	0	1	0.00	9.8	0.048	1.8	0.008	238.5
GER1	41.76279794	-8.148159851	1.74209	848.33002	80	64	55	2.5	0.127	0.06	6.13	29	19.147	6.58	11.09976161	0	0	0	0.8416	0.00	3.6	0.015	1.6	0.001	87
HOM1	41.805451	-8.120581	18.4764	820	95	51	0	2.5	0.117	0.07	6.57	35	24.706	7.547	144.7542239	0	0	0	0.6844	0.00	32.4	0.083	7.6	0.204	70
LAB1	41.542829	-8.5117	0.62607	69.59	10	65	50	7.5	2.836	2.7	6.84	196	22.743	6.043	0.502031102	0.3244	0.4396	0	0.236	2.94	34.8	0.083	3.5	0.101	3.95
LAM1	41.618094	-8.323028	4.39388	55	40	50	90	2.5	1.326	0.16	6.24	100	21.19	7.87	1.045053324	0.2184	0.6964	0	0.0852	3.18	29.2	0.026	2.0	0.015	4
MACE1	41.77616	-8.13995	0.92153	680	95	61	60	2.5	0.048	0.05	7.08	56	23.908	2.89	14.51191955	0	0	0	1	0.00	33.0	0.046	2.0	0.030	272.5
MACI1	41.43372	-8.6296	0.31413	58.56	0	28	0	6.2	4.685	0.29	6.26	257	18.867	8.134	17.50303466	0.0616	0.7804	0	0.158	2.65	6.8	0.112	1.5	0.066	0
MOU1	41.533207	-8.676512	0.82608	57.96	45	53	70	2.5	2.116	0.08	7.57	122	22.144	6.807	4.846598743	0	0.7504	0	0.2496	2.25	8.8	0.063	4.0	0.022	5.25
NES1	41.391013	-8.331625	2.5924	157.97	0	45	10	11.53	2.315	2.82	6.47	366	24.994	6.968	12.72240008	0.5252	0.3576	0	0.1172	3.70	10.2	0.189	2.1	0.040	0
OLI1	41.58626	-8.22512	0.6603	229.75	70	65	100	2.5	0.307	0.07	6.99	43	21.751	8.294	1.873759597	0.102	0.4484	0	0.4496	1.86	29.0	0.139	5.4	0.218	12.46
PON1	41.479444	-8.353056	14.09226	110	20	65	10	2.5	1.808	0.23	6.13	293	24.859	6.302	22.42789259	0.5756	0.3844	0	0.0264	4.03	14.2	0.117	1.7	0.028	0
RAB1	41.766974	-7.737663	0	870	70	45	80	2.5	0.247	0.1	6.35	41	16.145	7.179	8.364540208	0	0.4416	0.1452	0.4132	1.47	3.2	0.069	1.1	0.002	5.94
RAB2	41.719836	-7.903578	0.07705	699.96997	75	45	40	6.93	0.227	0.08	6.65	138	19.455	6.954	2.578374117	0	0.3968	0.1284	0.4748	1.32	13.0	0.153	11.0	0.219	5.75
ROD1	41.51256056	-8.730067993	0.99193	6.1	35	67	30	2.5	2.216	0.25	6.61	600	20.913	6.634	6.282779567	0	0.584	0	0.3268	1.75	6.0	0.120	1.5	0.011	4.19
rPON1	41.541111	-8.597778	0.40513	19.1	15	41	40	6.63	2.693	1.72	5.9	163	22.178	4.777	4.009852569	0.2208	0.6972	0	0.082	3.20	21.6	0.085	4.3	0.079	3.43
SAL1	41.65696478	-8.030252665	7.45501	759.38	50	55	10	2.5	0.217	0.06	6.4	36	20.31	7.889	32.18665323	0.0304	0.0984	0	0.8712	0.45	15.2	0.042	2.4	0.015	3.25
SAN1	41.337146	-8.483126	1.64153	69.07	15	50	15	7.82	2.194	0.34	6.79	151	23.723	1.582	11.09582942	0.5696	0.406	0	0.0244	4.07	23.2	0.081	3.5	0.065	5.4
SEL1	41.43831	-8.32263	0.46734	148.75999	10	30	0	30.19	2.684	0.27	6.75	155	28.015	4.48	12.01854401	0.2404	0.5096	0	0.25	2.73	15.8	0.228	3.7	0.133	0
SOU1	41.509652	-8.29784	0.91295	128.22	5	43	50	2.5	2.608	0.66	6.02	143	22.835	6.874	11.09582942	0.0048	0.8772	0	0.118	2.66	2.2	0.063	1.0	0.001	0
TAve1	41.60983	-8.03886	6.12761	636.88	85	65	80	2.5	0.218	0.11	7.05	37	15.81	8.541	5.408862798	0	0.1176	0	0.7544	0.35	5.6	0.064	1.9	0.007	82.5
TAve2	41.483055	-8.34212	1.99883	112.72	10	39	95	2.5	1.189	0.63	6.33	279	26.724	3.236	1.723815126	0.662	0.1516	0.028	0.062	3.79	15.6	0.095	1.3	0.019	11
TOJ1	41.684667	-8.415025	3.46108	64	50	62	70	2.5	1.207	0.145	6.83	344	19.536	8.128	12.65310743	0.0612	0.9388	0	0	3.12	24.6	0.192	3.4	0.159	8.25
VEI1	41.523638	-8.433198	1.22132	145.53	50	60	60	8.15	3.546	0.29	6.46	207	26.173	4.747	1.107864908	0.3044	0.186	0	0.5096	2.08	18.4	0.238	3.9	0.171	8.79
VEZ1	41.981149	-8.360324	5.03723	318.19	95	55	60	2.5	0.316	0.08	6.43	27	21.122	8.455	16.73249549	0.0124	0.2744	0	0.6028	0.89	30.4	0.129	5.6	0.217	110.4
VEZ2	41.895903	-8.438171	1.6907	56.08	80	56	25	2.5	0.417	0.06	6.62	46	23.263	7.909	28.20628917	0.134	0.6156	0.0768	0.0912	2.59	24.8	0.167	28.3	1.176	18.05
VEZ3	41.81512	-8.4267375	0.77643	28.93	75	72	15	5.27	0.719	0.1	6.28	64	26.758	6.326	28.20628917	0.0312	0.5544	0	0.346	1.82	56.5	0.088	35.0	1.731	18.4
VIL1	41.626939	-8.106186	10.92636	533.33002	30	64	40	2.5	0.329	0.08	6.24	34	18.968	6.928	15.42755653	0.3876	0.5252	0	0.0872	3.51	7.4	0.078	1.5	0.008	5
VilC1	41.611389	-8.08419	5.68794	528.15002	60	64	80	5.29	0.218	0.18	5.7	36	19.717	8.139	11.71997425	0.0024	0.0624	0	0.9352	0.20	13.5	0.066	2.3	0.020	18.5
VIZ1	41.43767	-8.204785	0.23383	239.67999	40	47	60	2.5	1.082	0.13	6.57	98	20.998	7.191	4.959118171	0.3424	0.596	0	0.0616	3.50	41.4	0.068	8.0	0.224	9.55
